Salvador Perez C KC 161 620 88 169 24 48 121 28 170 1 0 0.273 0.316 0.544 0.86
Jose Abreu 1B CWS 152 566 86 148 30 2 30 117 61 143 1 0 0.261 0.351 0.481 0.832
Teoscar Hernandez RF TOR 143 550 92 163 29 32 116 36 148 12 4 0.296 0.346 0.524 0.87
Rafael Devers 3B BOS 156 591 101 165 37 1 38 113 62 143 5 5 0.279 0.352 0.538 0.89
Adam Duvall LF ATL 146 513 67 117 17 2 38 113 35 174 5 0 0.228 0.281 0.491 0.772
Vladimir Guerrero 1B TOR 161 604 123 188 29 1 48 111 86 110 4 1 0.311 0.401 0.601 1.002
Matt Olson 1B OAK 156 565 101 153 35 39 111 88 113 4 1 0.271 0.371 0.54 0.911
Austin Riley 3B ATL 160 590 91 179 33 1 33 107 52 168 0 1 0.303 0.367 0.531 0.898
Ozzie Albies 2B ATL 156 629 103 163 40 7 30 106 47 128 20 4 0.259 0.31 0.488 0.798
Manny Machado 3B SD 153 564 92 157 31 2 28 106 63 102 12 3 0.278 0.347 0.489 0.836
Austin Meadows LF TB 142 518 79 121 29 3 27 106 59 122 4 3 0.234 0.315 0.458 0.773
Nolan Arenado 3B STL 157 593 81 151 34 3 34 105 50 96 2 0 0.255 0.312 0.494 0.806
Yordan Alvarez DH HOU 144 537 92 149 35 1 33 104 50 145 1 0 0.277 0.346 0.531 0.877
Jose Ramirez 3B CLE 152 552 111 147 32 5 36 103 72 87 27 4 0.266 0.355 0.538 0.893
Bo Bichette SS TOR 159 640 121 191 30 1 29 102 40 137 25 1 0.298 0.343 0.484 0.827
Marcus Semien 2B TOR 162 652 115 173 39 2 45 102 66 146 15 1 0.265 0.334 0.538 0.872
Kyle Seager 3B SEA 159 603 73 128 29 1 35 101 59 161 3 1 0.212 0.285 0.438 0.723
Nick Castellanos RF CIN 138 531 95 164 38 1 34 100 41 121 3 1 0.309 0.362 0.576 0.938
Mitch Haniger RF SEA 157 620 110 157 23 2 39 100 54 169 1 0 0.253 0.318 0.485 0.803
Shohei Ohtani DH LAA 158 537 103 138 26 8 46 100 96 189 26 10 0.257 0.372 0.592 0.964
Paul Goldschmidt 1B STL 158 603 102 177 36 2 31 99 67 136 12 0 0.294 0.365 0.514 0.879
Brandon Lowe 2B TB 149 535 97 132 31 39 99 68 167 7 1 0.247 0.34 0.523 0.863
J.D. Martinez DH BOS 148 570 92 163 42 3 28 99 55 150 0 0 0.286 0.349 0.518 0.867
Joey Votto 1B CIN 129 448 73 119 23 1 36 99 77 127 1 0 0.266 0.375 0.563 0.938
Aaron Judge RF NYY 148 550 89 158 24 39 98 75 158 6 1 0.287 0.373 0.544 0.917R
Jorge Polanco 2B MIN 152 588 97 158 35 2 33 98 45 118 11 6 0.269 0.323 0.503 0.826
Jared Walsh 1B LAA 144 530 70 147 34 1 29 98 48 152 2 1 0.277 0.34 0.509 0.849
Giancarlo Stanton DH NYY 139 510 64 139 19 35 97 63 157 0 0 0.273 0.354 0.516 0.87
Fernando Tatis SS SD 130 478 99 135 31 42 97 62 153 25 4 0.282 0.364 0.611 0.975
Hunter Renfroe RF BOS 144 521 89 135 33 31 96 44 130 1 2 0.259 0.315 0.501 0.816
Juan Soto RF WSH 151 502 111 157 20 2 29 95 145 93 9 7 0.313 0.465 0.534 0.999
Pete Alonso 1B NYM 152 561 81 147 27 3 37 94 60 127 3 0 0.262 0.344 0.519 0.863
Max Muncy 1B LAD 144 497 95 124 26 2 36 94 83 120 2 1 0.249 0.368 0.527 0.895
Jesus Aguilar 1B MIA 131 449 49 117 23 22 93 46 93 0 0 0.261 0.329 0.459 0.788
Carlos Correa SS HOU 148 555 104 155 34 1 26 92 75 116 0 0 0.279 0.366 0.485 0.851
C.J. Cron 1B COL 142 470 70 132 31 1 28 92 60 117 1 0 0.281 0.375 0.53 0.905
Kyle Tucker RF HOU 140 506 83 149 37 3 30 92 53 90 14 2 0.294 0.359 0.557 0.916
Brandon Crawford SS SF 138 483 79 144 30 3 24 90 56 105 11 3 0.298 0.373 0.522 0.895
Eduardo Escobar 3B MIL 146 549 77 139 26 5 28 90 48 124 1 0 0.253 0.314 0.472 0.786
Adolis Garcia CF TEX 149 581 77 141 26 2 31 90 32 194 16 5 0.243 0.286 0.454 0.74
Bryan Reynolds CF PIT 159 559 93 169 35 8 24 90 75 119 5 2 0.302 0.39 0.522 0.912
Ryan Mountcastle 1B BAL 144 534 77 136 23 1 33 89 41 161 4 3 0.255 0.309 0.487 0.796
Josh Bell 1B WSH 144 498 75 130 24 1 27 88 65 101 0 0 0.261 0.347 0.476 0.823
Dansby Swanson SS ATL 160 588 78 146 33 2 27 88 52 167 9 3 0.248 0.311 0.449 0.76
Javier Baez 2B NYM 138 502 80 133 18 2 31 87 28 184 18 5 0.265 0.319 0.494 0.813
Justin Turner 3B LAD 151 533 87 148 22 27 87 61 98 3 0 0.278 0.361 0.471 0.832
Nelson Cruz DH TB 140 513 79 136 21 1 32 86 51 126 3 0 0.265 0.334 0.497 0.831
Avisail Garcia RF MIL 135 461 68 121 18 29 86 38 121 8 4 0.262 0.33 0.49 0.82
Ryan McMahon 3B COL 151 528 80 134 32 1 23 86 59 147 6 2 0.254 0.331 0.449 0.78
Franmil Reyes DH CLE 115 418 57 106 18 2 30 85 43 149 4 1 0.254 0.324 0.522 0.846
Lourdes Gurriel LF TOR 141 500 62 138 28 2 21 84 32 102 1 3 0.276 0.319 0.466 0.785
Bryce Harper RF PHI 141 488 101 151 42 1 35 84 100 134 13 3 0.309 0.429 0.615 1.044
Jonathan Schoop 1B DET 156 623 85 173 30 1 22 84 37 133 2 0 0.278 0.32 0.435 0.755
Jose Altuve 2B HOU 146 601 117 167 32 1 31 83 66 91 5 3 0.278 0.35 0.489 0.839
Freddie Freeman 1B ATL 159 600 120 180 25 2 31 83 85 107 8 3 0.3 0.393 0.503 0.896
Randal Grichuk CF TOR 149 511 59 123 25 1 22 81 27 114 0 3 0.241 0.281 0.423 0.704
Yuli Gurriel 1B HOU 143 530 83 169 31 15 81 59 68 1 1 0.319 0.383 0.462 0.845
Andrew McCutchen LF PHI 144 482 78 107 24 1 27 80 81 132 6 1 0.222 0.334 0.444 0.778
Tyler O'Neill LF STL 138 482 89 138 26 2 34 80 38 168 15 4 0.286 0.352 0.56 0.912
Xander Bogaerts SS BOS 144 529 90 156 34 1 23 79 62 113 5 1 0.295 0.37 0.493 0.863
Eugenio Suarez 3B CIN 145 505 71 100 23 31 79 56 171 0 1 0.198 0.286 0.428 0.714
Charlie Blackmon RF COL 150 514 76 139 25 4 13 78 54 91 3 0 0.27 0.351 0.411 0.762
Bobby Dalbec 1B BOS 133 417 50 100 21 5 25 78 28 156 2 0 0.24 0.298 0.494 0.792
Joey Gallo LF NYY 153 498 90 99 13 1 38 77 111 213 6 0 0.199 0.351 0.458 0.809
Trea Turner 2B LAD 148 595 107 195 34 3 28 77 41 110 32 5 0.328 0.375 0.536 0.911
Will Smith C LAD 130 414 71 107 19 2 25 76 58 101 3 0 0.258 0.365 0.495 0.86
Miguel Cabrera DH DET 130 472 48 121 16 15 75 40 118 0 0 0.256 0.316 0.386 0.702
Miguel Sano 1B MIN 135 470 68 105 24 30 75 59 183 2 1 0.223 0.312 0.466 0.778
Trevor Story SS COL 142 526 88 132 34 5 24 75 53 139 20 6 0.251 0.329 0.471 0.8
Luis Urias 3B MIL 150 490 77 122 25 1 23 75 63 116 5 1 0.249 0.345 0.445 0.79
Whit Merrifield 2B KC 162 664 97 184 42 3 10 74 40 103 40 4 0.277 0.317 0.395 0.712
Willy Adames SS MIL 140 497 77 130 32 1 25 73 57 156 5 4 0.262 0.337 0.481 0.818
Andrew Benintendi LF KC 134 493 63 136 27 2 17 73 36 97 8 9 0.276 0.324 0.442 0.766
Kris Bryant 3B SF 144 513 86 136 32 2 25 73 62 135 10 2 0.265 0.353 0.481 0.834
Ty France 1B SEA 152 571 85 166 32 1 18 73 46 106 0 0 0.291 0.368 0.445 0.813
J.T. Realmuto C PHI 134 476 64 125 25 4 17 73 48 129 13 3 0.263 0.343 0.439 0.782
Chris Taylor CF LAD 148 507 92 129 25 4 20 73 63 167 13 1 0.254 0.344 0.438 0.782
Matt Chapman 3B OAK 151 529 75 111 15 3 27 72 80 202 3 2 0.21 0.314 0.403 0.717
Josh Donaldson 3B MIN 135 457 73 113 26 26 72 74 114 0 0 0.247 0.352 0.475 0.827
Nathaniel Lowe 1B TEX 157 557 75 147 24 3 18 72 80 162 8 0 0.264 0.357 0.415 0.772
Jake Cronenworth 2B SD 152 567 94 151 33 7 21 71 55 90 4 3 0.266 0.34 0.46 0.8
Austin Hays LF BAL 131 488 73 125 26 4 22 71 28 107 4 3 0.256 0.308 0.461 0.769
Rhys Hoskins 1B PHI 107 389 64 96 29 27 71 47 108 3 2 0.247 0.334 0.53 0.864
Trey Mancini 1B BAL 147 556 77 142 33 1 21 71 51 143 0 0 0.255 0.326 0.432 0.758
Kyle Schwarber LF BOS 113 399 76 106 19 32 71 64 127 1 1 0.266 0.374 0.554 0.928
Jesse Winker LF CIN 110 423 77 129 32 1 24 71 53 75 1 0 0.305 0.394 0.556 0.95
Mike Yastrzemski RF SF 139 468 75 105 28 3 25 71 51 131 4 0 0.224 0.311 0.457 0.768
Tyler Naquin CF CIN 127 411 52 111 24 2 19 70 35 106 5 3 0.27 0.333 0.477 0.81
Jorge Soler RF ATL 149 516 74 115 27 27 70 67 142 0 0 0.223 0.316 0.432 0.748
Randy Arozarena LF TB 141 529 94 145 32 3 20 69 56 170 20 10 0.274 0.356 0.459 0.815
Jonathan India 2B CIN 150 532 98 143 34 2 21 69 71 141 12 3 0.269 0.376 0.459 0.835
Jed Lowrie 2B OAK 139 457 55 112 28 14 69 49 108 0 0 0.245 0.318 0.398 0.716
AJ Pollock LF LAD 117 384 53 114 27 1 21 69 30 80 9 1 0.297 0.355 0.536 0.891
Carlos Santana 1B KC 158 565 66 121 15 19 69 86 102 2 0 0.214 0.319 0.342 0.661
Jeimer Candelario 3B DET 149 557 75 151 42 3 16 67 65 135 0 0 0.271 0.351 0.443 0.794
Robbie Grossman LF DET 156 557 88 133 23 3 23 67 98 155 20 5 0.239 0.357 0.415 0.772
Ian Happ LF CHC 148 465 63 105 20 1 25 66 62 156 9 2 0.226 0.323 0.434 0.757
Yadier Molina C STL 121 440 45 111 19 11 66 24 79 3 0 0.252 0.297 0.37 0.667
Dylan Carlson RF STL 149 542 79 144 31 4 18 65 57 152 2 1 0.266 0.343 0.437 0.78
Eric Hosmer 1B SD 151 509 53 137 28 12 65 48 99 5 4 0.269 0.337 0.395 0.732
Yandy Diaz 1B TB 134 465 62 119 20 1 13 64 69 85 1 1 0.256 0.353 0.387 0.74
Kyle Farmer SS CIN 147 483 60 127 22 2 16 63 22 97 2 3 0.263 0.316 0.416 0.732
Francisco Lindor SS NYM 125 452 73 104 16 3 20 63 58 96 10 4 0.23 0.322 0.412 0.734
Wil Myers RF SD 146 442 56 113 24 2 17 63 54 141 8 5 0.256 0.334 0.434 0.768
David Peralta LF ARI 150 487 57 126 30 8 8 63 46 92 2 1 0.259 0.325 0.402 0.727
Alex Verdugo LF BOS 146 544 88 157 32 2 13 63 51 96 6 2 0.289 0.351 0.426 0.777
Yasmani Grandal C CWS 93 279 60 67 9 23 62 87 82 0 0 0.24 0.42 0.52 0.94
Trent Grisham CF SD 132 462 61 112 28 3 15 62 54 119 13 5 0.242 0.327 0.413 0.74
Cesar Hernandez 2B CWS 149 570 84 132 21 2 21 62 59 135 1 1 0.232 0.308 0.386 0.694
Eddie Rosario LF ATL 111 379 42 98 19 3 14 62 26 61 11 3 0.259 0.305 0.435 0.74
Mike Zunino C TB 109 333 64 72 11 2 33 62 34 132 0 0 0.216 0.301 0.559 0.86
Tim Anderson SS CWS 123 527 94 163 29 2 17 61 22 119 18 7 0.309 0.338 0.469 0.807
Mark Canha LF OAK 141 519 93 120 22 4 17 61 77 128 12 2 0.231 0.358 0.387 0.745
Eric Haase C DET 98 351 48 81 12 1 22 61 26 119 2 0 0.231 0.286 0.459 0.745
Yoan Moncada 3B CWS 144 520 74 137 33 1 14 61 84 157 3 2 0.263 0.375 0.412 0.787
Joc Pederson RF ATL 137 429 55 102 19 3 18 61 39 117 2 3 0.238 0.31 0.422 0.732
Anthony Rizzo 1B NYY 141 496 73 123 23 3 22 61 52 87 6 2 0.248 0.344 0.44 0.784
Patrick Wisdom 3B CHC 106 338 54 78 13 28 61 32 153 4 1 0.231 0.305 0.518 0.823
Josh Harrison 2B OAK 138 505 58 141 33 2 8 60 31 75 9 5 0.279 0.341 0.4 0.741
Enrique Hernandez CF BOS 134 508 84 127 35 3 20 60 61 110 1 0 0.25 0.337 0.449 0.786
Brandon Belt 1B SF 97 325 65 89 14 2 29 59 48 103 3 2 0.274 0.378 0.597 0.975
Cedric Mullins CF BAL 159 602 91 175 37 5 30 59 59 125 30 8 0.291 0.36 0.518 0.878
Sean Murphy C OAK 119 393 47 85 23 17 59 40 114 0 0 0.216 0.306 0.405 0.711
Mookie Betts RF LAD 122 466 93 123 29 3 23 58 68 86 10 5 0.264 0.367 0.487 0.854
Jean Segura 2B PHI 131 514 76 149 27 3 14 58 39 78 9 3 0.29 0.348 0.436 0.784
Dominic Smith LF NYM 145 446 43 109 20 11 58 32 112 2 1 0.244 0.304 0.363 0.667
Willson Contreras C CHC 128 413 61 98 20 21 57 52 138 5 4 0.237 0.34 0.438 0.778
DJ LeMahieu 2B NYY 150 597 84 160 24 1 10 57 73 94 4 2 0.268 0.349 0.362 0.711
Manuel Margot RF TB 125 421 55 107 18 3 10 57 37 70 13 8 0.254 0.313 0.382 0.695
Amed Rosario SS CLE 141 550 77 155 25 6 11 57 31 120 13 0 0.282 0.321 0.409 0.73
Corey Seager SS LAD 95 353 54 108 22 3 16 57 48 66 1 1 0.306 0.394 0.521 0.915
Tommy Edman 2B STL 159 641 91 168 41 3 11 56 38 95 30 5 0.262 0.308 0.387 0.695
Buster Posey C SF 113 395 68 120 23 18 56 56 87 0 0 0.304 0.39 0.499 0.889
LaMonte Wade RF SF 109 336 52 85 17 3 18 56 33 89 6 1 0.253 0.326 0.482 0.808
Akil Baddoo CF DET 124 413 60 107 20 7 13 55 45 122 18 4 0.259 0.33 0.436 0.766
Alex Bregman 3B HOU 91 348 54 94 17 12 55 44 53 1 0 0.27 0.355 0.422 0.777
Michael Conforto RF NYM 125 406 52 94 20 14 55 59 104 1 0 0.232 0.344 0.384 0.728
Starling Marte CF OAK 120 467 89 145 27 3 12 55 43 99 47 5 0.31 0.383 0.458 0.841
J.P. Crawford SS SEA 160 619 89 169 37 9 54 58 114 3 6 0.273 0.338 0.376 0.714
Hunter Dozier RF KC 144 487 55 105 27 6 16 54 43 154 5 4 0.216 0.285 0.394 0.679
Leury Garcia 2B CWS 126 415 60 111 22 4 5 54 41 97 6 2 0.267 0.335 0.376 0.711
Didi Gregorius SS PHI 103 368 35 77 16 2 13 54 25 67 3 0 0.209 0.27 0.37 0.64
Max Kepler RF MIN 121 426 61 90 21 4 19 54 54 96 10 0 0.211 0.306 0.413 0.719
Gary Sanchez C NYY 117 383 54 78 13 1 23 54 52 121 0 0 0.204 0.307 0.423 0.73
Michael A. Taylor CF KC 142 483 58 118 16 1 12 54 33 144 14 7 0.244 0.297 0.356 0.653
Joey Wendle 3B TB 136 460 73 122 31 4 11 54 28 113 8 6 0.265 0.319 0.422 0.741
Jazz Chisholm 2B MIA 124 464 70 115 20 4 18 53 34 145 23 8 0.248 0.303 0.425 0.728
Wilmer Flores 3B SF 139 389 57 102 16 1 18 53 41 56 1 0 0.262 0.335 0.447 0.782
Isiah Kiner-Falefa SS TEX 158 635 74 172 25 3 8 53 28 90 20 5 0.271 0.312 0.357 0.669
Jacob Stallings C PIT 112 374 38 92 20 1 8 53 49 85 0 0 0.246 0.335 0.369 0.704
Ronald Acuna RF ATL 82 297 72 84 19 1 24 52 49 85 17 6 0.283 0.394 0.596 0.99
Yan Gomes C OAK 103 349 49 88 15 1 14 52 19 78 0 0 0.252 0.301 0.421 0.722
Odubel Herrera CF PHI 124 450 59 117 27 2 13 51 29 77 6 1 0.26 0.31 0.416 0.726
Brendan Rodgers 2B COL 102 387 49 110 21 3 15 51 19 84 0 0 0.284 0.328 0.47 0.798
Gleyber Torres SS NYY 127 459 50 119 22 9 51 50 104 14 6 0.259 0.331 0.366 0.697
Christian Yelich LF MIL 117 399 70 99 19 2 9 51 70 113 9 3 0.248 0.362 0.373 0.735
Harrison Bader CF STL 103 367 45 98 21 1 16 50 27 85 9 4 0.267 0.324 0.46 0.784
Ketel Marte CF ARI 90 340 52 108 29 1 14 50 31 60 2 0 0.318 0.377 0.532 0.909
Chas McCormick LF HOU 108 284 47 73 12 14 50 25 104 4 2 0.257 0.319 0.447 0.766
Colin Moran 1B PIT 99 318 29 82 12 10 50 36 87 1 0 0.258 0.334 0.39 0.724
Albert Pujols 1B LAD 109 275 29 65 3 17 50 14 45 2 0 0.236 0.284 0.433 0.717
Anthony Santander RF BAL 110 406 54 98 24 18 50 23 101 1 1 0.241 0.286 0.433 0.719
George Springer CF TOR 78 299 59 79 19 1 22 50 37 79 4 1 0.264 0.352 0.555 0.907
Raimel Tapia LF COL 133 487 69 133 26 2 6 50 40 70 20 6 0.273 0.327 0.372 0.699
Kolten Wong 2B MIL 116 445 70 121 32 2 14 50 31 83 12 5 0.272 0.335 0.447 0.782
Brad Miller 1B PHI 140 331 53 75 9 3 20 49 45 112 3 0 0.227 0.321 0.453 0.774
Omar Narvaez C MIL 123 391 54 104 20 11 49 41 84 0 0 0.266 0.342 0.402 0.744
Tommy Pham LF SD 155 475 74 109 24 2 15 49 78 128 14 6 0.229 0.34 0.383 0.723
Pavin Smith 1B ARI 145 498 68 133 27 4 11 49 42 106 1 0 0.267 0.328 0.404 0.732
Nick Solak 2B TEX 127 458 57 111 18 2 11 49 34 107 7 5 0.242 0.314 0.362 0.676
Gio Urshela 3B NYY 116 420 42 112 18 2 14 49 20 109 1 0 0.267 0.301 0.419 0.72
Christian Vazquez C BOS 138 458 51 118 23 1 6 49 33 84 8 4 0.258 0.308 0.352 0.66
Tucker Barnhart C CIN 116 348 41 86 21 7 48 29 100 0 0 0.247 0.317 0.368 0.685
Seth Brown RF OAK 111 281 43 60 13 1 20 48 23 89 4 1 0.214 0.274 0.48 0.754
Jose Iglesias 2B BOS 137 483 65 131 27 2 9 48 21 75 5 2 0.271 0.309 0.391 0.7
Miguel Rojas SS MIA 132 495 66 131 30 3 9 48 37 74 13 3 0.265 0.322 0.392 0.714
Myles Straw CF CLE 158 564 86 153 29 1 4 48 67 121 30 6 0.271 0.349 0.348 0.697
Andrew Vaughn LF CWS 127 417 56 98 22 15 48 41 101 1 1 0.235 0.309 0.396 0.705
Alec Bohm 3B PHI 115 380 46 94 15 7 47 31 111 4 0 0.247 0.305 0.342 0.647
Michael Brantley LF HOU 121 469 68 146 29 3 8 47 33 53 1 0 0.311 0.362 0.437 0.799
David Fletcher 2B LAA 157 626 74 164 27 3 2 47 31 60 15 3 0.262 0.297 0.324 0.621
Maikel Franco 3B BAL 104 377 31 79 22 11 47 20 67 0 0 0.21 0.253 0.355 0.608
Phil Gosselin LF LAA 104 345 40 90 14 7 47 24 81 4 2 0.261 0.314 0.362 0.676
Kevin Pillar CF NYM 124 325 40 75 11 2 15 47 11 81 4 3 0.231 0.277 0.415 0.692
Luis Torrens DH SEA 108 346 39 84 16 2 15 47 28 99 0 0 0.243 0.299 0.431 0.73
Carson Kelly C ARI 98 304 41 73 11 1 13 46 44 74 0 0 0.24 0.343 0.411 0.754
Evan Longoria 3B SF 81 253 45 66 17 13 46 35 68 1 1 0.261 0.351 0.482 0.833
Gavin Lux SS LAD 102 335 49 81 12 4 7 46 41 83 4 1 0.242 0.328 0.364 0.692
James McCann C NYM 121 375 29 87 12 1 10 46 32 115 1 2 0.232 0.294 0.349 0.643
Pedro Severino C BAL 113 379 32 94 18 11 46 34 109 0 0 0.248 0.308 0.383 0.691
Abraham Toro 2B SEA 95 335 45 80 12 11 46 31 54 6 3 0.239 0.315 0.373 0.688
Christian Walker 1B ARI 115 401 55 98 23 1 10 46 38 106 0 0 0.244 0.315 0.382 0.697
Ryan Zimmerman X WSH 110 255 27 62 16 14 46 16 77 0 0 0.243 0.286 0.471 0.757
Ji-Man Choi 1B TB 83 258 36 59 14 11 45 45 87 0 0 0.229 0.348 0.411 0.759
Paul DeJong SS STL 113 356 44 70 10 1 19 45 35 103 4 1 0.197 0.284 0.39 0.674
Aledmys Diaz 3B HOU 84 294 28 76 19 8 45 16 62 0 1 0.259 0.317 0.405 0.722
Tyler Stephenson C CIN 132 350 56 100 21 10 45 41 75 0 0 0.286 0.366 0.431 0.797
Elias Diaz C COL 106 338 52 83 18 1 18 44 30 60 0 0 0.246 0.31 0.464 0.774
Brett Phillips CF TB 119 253 50 52 9 4 13 44 33 113 14 3 0.206 0.3 0.427 0.727
Josh Rojas 2B ARI 139 484 69 128 32 3 11 44 58 137 9 4 0.264 0.341 0.411 0.752
Adam Frazier 2B SD 155 577 83 176 36 5 5 43 48 69 10 5 0.305 0.368 0.411 0.779
Jarred Kelenic CF SEA 93 337 41 61 13 1 14 43 36 106 6 4 0.181 0.265 0.35 0.615
Nicky Lopez SS KC 151 497 78 149 21 6 2 43 49 74 22 1 0.3 0.365 0.378 0.743
Dylan Moore 2B SEA 126 332 42 60 11 2 12 43 40 111 21 5 0.181 0.276 0.334 0.61
Luis Robert CF CWS 68 275 42 93 22 1 13 43 14 61 6 1 0.338 0.378 0.567 0.945
Darin Ruf 1B SF 117 262 41 71 13 2 16 43 46 87 2 0 0.271 0.385 0.519 0.904
Frank Schwindel 1B CHC 64 242 44 79 20 1 14 43 16 41 2 1 0.326 0.371 0.591 0.962
Tyrone Taylor LF MIL 93 243 33 60 9 3 12 43 20 59 6 1 0.247 0.321 0.457 0.778
Luis Arraez 3B MIN 121 428 58 126 17 6 2 42 43 48 2 2 0.294 0.357 0.376 0.733
Asdrubal Cabrera X CIN 110 309 34 71 21 7 42 36 80 1 0 0.23 0.313 0.366 0.679
Jonathan Villar 3B NYM 142 454 63 113 18 2 18 42 46 132 14 7 0.249 0.322 0.416 0.738
Bobby Bradley 1B CLE 74 245 36 51 10 16 41 25 99 0 0 0.208 0.294 0.445 0.739
Harold Ramirez LF CLE 99 339 33 91 21 1 7 41 14 56 3 1 0.268 0.305 0.398 0.703
Ronald Torreyes 3B PHI 112 318 30 77 10 1 7 41 19 41 2 1 0.242 0.286 0.346 0.632
Justin Upton LF LAA 89 318 47 67 12 17 41 39 107 4 1 0.211 0.296 0.409 0.705
Matt Beaty X LAD 120 204 35 55 4 1 7 40 20 44 2 2 0.27 0.363 0.402 0.765
Freddy Galvis 3B PHI 104 356 53 86 15 1 14 40 27 77 1 0 0.242 0.302 0.407 0.709
Victor Caratini C SD 116 313 33 71 9 7 39 35 82 2 0 0.227 0.309 0.323 0.632
Yu Chang 1B CLE 89 237 32 54 14 3 9 39 11 69 1 0 0.228 0.267 0.426 0.693
Wander Franco SS TB 70 281 53 81 18 5 7 39 24 37 2 1 0.288 0.347 0.463 0.81
Brett Gardner CF NYY 140 387 47 86 16 4 10 39 60 100 4 0 0.222 0.327 0.362 0.689
Ramon Laureano CF OAK 88 341 43 84 21 2 14 39 27 98 12 5 0.246 0.317 0.443 0.76
Jack Mayfield 3B LAA 87 266 30 58 15 10 39 17 68 5 0 0.218 0.272 0.387 0.659
Kevin Newman SS PIT 148 517 50 117 22 3 5 39 27 41 6 1 0.226 0.265 0.309 0.574
Rougned Odor 2B NYY 102 322 42 65 12 15 39 27 100 0 1 0.202 0.286 0.379 0.665
Travis Shaw X BOS 84 220 20 44 11 9 39 24 68 0 0 0.2 0.286 0.373 0.659
Nick Ahmed SS ARI 129 434 46 96 30 3 5 38 34 104 7 2 0.221 0.28 0.339 0.619
Starlin Castro 3B WSH 87 315 25 89 20 3 38 26 62 0 1 0.283 0.333 0.375 0.708
Willi Castro 2B DET 125 413 56 91 15 6 9 38 23 109 9 4 0.22 0.273 0.351 0.624
Alex Dickerson LF SF 111 283 37 66 10 2 13 38 23 76 1 0 0.233 0.304 0.42 0.724
Ke'Bryan Hayes 3B PIT 96 362 49 93 20 2 6 38 31 87 9 1 0.257 0.316 0.373 0.689
Juan Lagares CF LAA 112 309 39 73 20 2 6 38 12 76 1 2 0.236 0.266 0.372 0.638
DJ Peters LF TEX 70 223 29 44 9 1 13 38 12 82 2 0 0.197 0.242 0.422 0.664
Ramon Urias SS BAL 85 262 33 73 14 7 38 28 76 1 2 0.279 0.361 0.412 0.773
Daulton Varsho C ARI 95 284 41 70 17 2 11 38 30 67 6 0 0.246 0.318 0.437 0.755
Elvis Andrus SS OAK 146 497 60 121 25 2 3 37 31 81 12 2 0.243 0.294 0.32 0.614
Harold Castro SS DET 106 315 35 89 13 1 3 37 14 72 1 1 0.283 0.31 0.359 0.669
Eloy Jimenez LF CWS 55 213 23 53 10 10 37 16 57 0 0 0.249 0.303 0.437 0.74
Tony Kemp 2B OAK 131 330 54 92 16 3 8 37 52 51 8 2 0.279 0.382 0.418 0.8
Kevin Kiermaier CF TB 122 348 54 90 19 7 4 37 33 99 9 5 0.259 0.328 0.388 0.716
Yermin Mercedes DH CWS 68 240 26 65 9 1 7 37 20 46 0 1 0.271 0.328 0.404 0.732
Cody Bellinger CF LAD 95 315 39 52 9 2 10 36 31 94 3 1 0.165 0.24 0.302 0.542
Lorenzo Cain CF MIL 78 257 40 66 13 8 36 26 48 13 2 0.257 0.329 0.401 0.73
Jake Fraley LF SEA 78 214 27 45 7 9 36 46 71 10 2 0.21 0.352 0.369 0.721
Martin Maldonado C HOU 125 373 40 64 10 1 12 36 47 127 0 0 0.172 0.272 0.3 0.572
Gregory Polanco RF PIT 107 336 38 70 12 2 11 36 36 104 14 1 0.208 0.283 0.354 0.637
Jesus Sanchez RF MIA 64 227 27 57 8 2 14 36 20 78 0 1 0.251 0.319 0.489 0.808
Rowdy Tellez 1B MIL 106 297 34 72 14 2 11 36 23 65 0 0 0.242 0.305 0.414 0.719
Josh VanMeter 2B ARI 112 274 26 58 17 2 6 36 33 83 3 2 0.212 0.297 0.354 0.651
David Bote 2B CHC 97 291 32 58 10 2 8 35 27 73 0 1 0.199 0.276 0.33 0.606
Steven Duggar CF SF 107 268 45 69 14 5 8 35 27 88 7 0 0.257 0.33 0.437 0.767
Ryan Jeffers C MIN 85 267 28 53 10 1 14 35 22 108 0 1 0.199 0.27 0.401 0.671
Connor Joe LF COL 63 179 23 51 9 8 35 26 41 0 0 0.285 0.379 0.469 0.848
Jeff McNeil 2B NYM 120 386 48 97 19 1 7 35 29 58 3 0 0.251 0.319 0.36 0.679
Francisco Mejia C TB 84 250 31 65 15 3 6 35 17 49 0 0 0.26 0.322 0.416 0.738
Max Stassi C LAA 87 282 45 68 11 1 13 35 28 101 0 0 0.241 0.326 0.426 0.752
Luke Voit 1B NYY 68 213 26 51 7 1 11 35 21 74 0 0 0.239 0.328 0.437 0.765
Bradley Zimmer CF CLE 99 299 44 68 9 1 8 35 30 122 15 3 0.227 0.325 0.344 0.669
Mitch Garver C MIN 68 207 29 53 15 13 34 31 71 1 1 0.256 0.358 0.517 0.875
Sam Hilliard CF COL 81 214 32 46 7 2 14 34 23 87 5 0 0.215 0.294 0.463 0.757
Ha-Seong Kim X SD 117 267 27 54 12 2 8 34 22 71 6 1 0.202 0.27 0.352 0.622
Alex Kirilloff 1B MIN 59 215 23 54 11 1 8 34 14 52 1 1 0.251 0.299 0.423 0.722
Tom Murphy C SEA 97 277 35 56 8 11 34 40 99 0 0 0.202 0.304 0.35 0.654
Anthony Rendon 3B LAA 58 217 24 52 13 6 34 29 41 0 0 0.24 0.329 0.382 0.711
Gavin Sheets DH CWS 54 160 23 40 8 11 34 16 40 0 0 0.25 0.324 0.506 0.83
Lewis Brinson LF MIA 89 274 24 62 14 9 33 13 72 1 1 0.226 0.263 0.376 0.639
Garrett Cooper RF MIA 71 215 30 61 10 1 9 33 30 68 1 1 0.284 0.38 0.465 0.845
Joshua Fuentes 3B COL 95 271 30 61 11 1 7 33 12 65 0 0 0.225 0.257 0.351 0.608
Niko Goodrum SS DET 90 290 39 62 11 2 9 33 29 107 14 5 0.214 0.292 0.359 0.651
Garrett Hampson CF COL 147 453 69 106 21 6 11 33 33 118 17 7 0.234 0.289 0.38 0.669
Dom Nunez C COL 81 228 31 43 12 3 10 33 34 91 0 0 0.189 0.293 0.399 0.692
Rafael Ortega CF CHC 103 296 44 86 14 2 11 33 30 70 12 6 0.291 0.36 0.463 0.823
Manny Pina C MIL 75 180 27 34 6 13 33 22 38 0 0 0.189 0.293 0.439 0.732
Jurickson Profar LF SD 137 353 47 80 17 2 4 33 49 65 10 5 0.227 0.329 0.32 0.649
DJ Stewart LF BAL 100 270 39 55 10 12 33 44 89 0 0 0.204 0.324 0.374 0.698
Taylor Ward RF LAA 65 208 33 52 15 8 33 20 55 1 1 0.25 0.332 0.438 0.77
Byron Buxton CF MIN 61 235 50 72 23 19 32 13 62 9 1 0.306 0.358 0.647 1.005
Jonah Heim C TEX 82 265 22 52 13 10 32 15 58 3 1 0.196 0.239 0.358 0.597
Yadiel Hernandez X WSH 112 264 33 72 8 1 9 32 22 59 3 0 0.273 0.329 0.413 0.742
Austin Slater CF SF 129 274 39 66 12 1 12 32 28 84 15 2 0.241 0.32 0.423 0.743
Yoshi Tsutsugo RF PIT 81 230 27 50 12 1 8 32 29 72 0 1 0.217 0.307 0.383 0.69
Austin Hedges C CLE 88 286 32 51 7 10 31 15 87 1 0 0.178 0.22 0.308 0.528
Jace Peterson 2B MIL 94 259 36 64 11 1 6 31 38 68 10 1 0.247 0.348 0.367 0.715
Andrelton Simmons SS MIN 131 412 37 92 12 3 31 32 62 1 0 0.223 0.283 0.274 0.557
Donovan Solano 2B SF 101 307 35 86 17 7 31 25 58 2 0 0.28 0.344 0.404 0.748
Jorge Alfaro C MIA 92 295 22 72 15 1 4 30 11 99 8 1 0.244 0.283 0.342 0.625
Yonathan Daza CF COL 107 301 26 85 12 2 2 30 21 60 2 1 0.282 0.332 0.355 0.687
Matt Duffy 3B CHC 97 289 45 83 12 5 30 25 63 8 1 0.287 0.357 0.381 0.738
Adam Eaton RF LAA 84 254 38 51 10 2 6 30 22 71 3 0 0.201 0.282 0.327 0.609
Jason Heyward RF CHC 104 323 35 69 15 2 8 30 27 68 5 1 0.214 0.28 0.347 0.627
Mitch Moreland DH OAK 81 229 28 52 11 1 10 30 18 58 0 0 0.227 0.286 0.415 0.701
Jose Trevino C TEX 89 285 23 68 14 5 30 12 57 1 1 0.239 0.267 0.34 0.607
Jackie Bradley CF MIL 134 387 39 63 14 3 6 29 28 132 7 1 0.163 0.236 0.261 0.497
Corey Dickerson LF TOR 109 336 43 91 18 5 6 29 25 68 6 5 0.271 0.326 0.408 0.734
Brian Goodwin RF CWS 72 235 33 52 10 1 8 29 33 58 1 0 0.221 0.319 0.374 0.693
Kyle Higashioka C NYY 67 193 20 35 10 10 29 17 59 0 0 0.181 0.246 0.389 0.635
Zach McKinstry RF LAD 60 158 19 34 9 7 29 10 50 1 1 0.215 0.263 0.405 0.668
Austin Nola C SD 56 173 15 47 12 2 29 14 19 0 1 0.272 0.34 0.376 0.716
Ryan O'Hearn DH KC 84 236 23 53 5 1 9 29 13 71 0 0 0.225 0.268 0.369 0.637
Ehire Adrianza X ATL 109 182 32 45 9 2 5 28 21 42 0 0 0.247 0.327 0.401 0.728
Brian Anderson 3B MIA 67 233 24 58 9 7 28 26 65 5 0 0.249 0.337 0.378 0.715
Alcides Escobar SS WSH 75 319 53 92 21 2 4 28 17 56 3 0 0.288 0.34 0.404 0.744
Marwin Gonzalez 3B HOU 91 276 30 55 14 5 28 20 78 3 2 0.199 0.275 0.304 0.579
Danny Jansen C TOR 70 184 32 41 13 11 28 17 44 0 0 0.223 0.299 0.473 0.772
Trevor Larnach LF MIN 79 260 29 58 12 7 28 31 104 1 0 0.223 0.322 0.35 0.672
Jordan Luplow 1B TB 62 163 23 33 8 11 28 28 57 1 2 0.202 0.326 0.454 0.78
Jake Meyers CF HOU 49 146 22 38 8 6 28 10 50 3 0 0.26 0.323 0.438 0.761
Brandon Nimmo CF NYM 92 325 51 95 17 3 8 28 54 79 5 4 0.292 0.401 0.437 0.838
Lane Thomas CF WSH 77 226 35 53 15 2 7 28 37 63 6 3 0.235 0.341 0.412 0.753
Cavan Biggio 3B TOR 79 250 27 56 10 1 7 27 37 78 3 1 0.224 0.322 0.356 0.678
Tommy La Stella 2B SF 76 220 26 55 11 1 7 27 18 26 0 0 0.25 0.308 0.405 0.713
Billy McKinney RF LAD 116 265 32 51 11 3 9 27 32 79 2 0 0.192 0.28 0.358 0.638
Chad Pinder RF OAK 75 214 30 52 16 1 6 27 16 62 1 0 0.243 0.3 0.411 0.711
Edmundo Sosa SS STL 113 288 39 78 8 4 6 27 17 63 4 4 0.271 0.346 0.389 0.735
Jo Adell LF LAA 35 130 17 32 5 2 4 26 8 32 2 1 0.246 0.295 0.408 0.703
Curt Casali C SF 77 200 20 42 11 1 5 26 26 66 0 0 0.21 0.313 0.35 0.663
Zack Collins C CWS 78 195 25 41 13 4 26 34 69 1 1 0.21 0.33 0.338 0.668
Ben Gamel LF PIT 122 340 43 84 18 3 8 26 51 105 3 6 0.247 0.347 0.388 0.735
Guillermo Heredia CF ATL 120 305 46 67 26 5 26 32 81 0 0 0.22 0.311 0.354 0.665
Marcell Ozuna LF ATL 48 188 21 40 6 7 26 19 46 0 0 0.213 0.288 0.356 0.644
Travis d'Arnaud C ATL 60 209 21 46 14 7 26 17 53 0 0 0.22 0.284 0.388 0.672
Christian Arroyo 2B BOS 57 164 22 43 12 6 25 8 44 1 0 0.262 0.324 0.445 0.769
Willie Calhoun LF TEX 75 260 26 65 10 3 6 25 21 34 0 2 0.25 0.31 0.381 0.691
Andy Ibanez 2B TEX 76 253 31 70 15 2 7 25 15 35 0 0 0.277 0.321 0.435 0.756
Pat Valaika 2B BAL 91 259 17 52 8 5 25 16 76 1 1 0.201 0.25 0.29 0.54
Stephen Vogt C ATL 78 210 24 41 6 1 7 25 26 56 0 0 0.195 0.283 0.333 0.616
Hanser Alberto 3B KC 103 241 25 65 20 3 2 24 4 26 3 1 0.27 0.291 0.402 0.693
Wilmer Difo X PIT 116 219 25 59 7 3 4 24 20 54 1 0 0.269 0.329 0.384 0.713
Alejandro Kirk C TOR 60 165 19 40 8 8 24 19 22 0 0 0.242 0.328 0.436 0.764
Jake Marisnick LF SD 99 176 21 38 7 3 5 24 11 65 4 1 0.216 0.286 0.375 0.661
Daniel Vogelbach 1B MIL 93 215 30 47 8 9 24 43 57 0 0 0.219 0.349 0.381 0.73
Aristides Aquino LF CIN 84 174 25 33 6 1 10 23 27 75 2 2 0.19 0.299 0.408 0.707
Austin Barnes C LAD 77 200 28 43 8 6 23 20 56 1 0 0.215 0.299 0.345 0.644
William Contreras C ATL 52 163 19 35 4 1 8 23 19 54 0 0 0.215 0.303 0.399 0.702
J.D. Davis 3B NYM 73 179 18 51 12 5 23 24 68 1 0 0.285 0.384 0.436 0.82
Nick Gordon CF MIN 73 200 19 48 9 1 4 23 12 55 10 1 0.24 0.292 0.355 0.647
Brock Holt 3B TEX 77 235 21 49 13 1 2 23 23 49 5 1 0.209 0.281 0.298 0.579
Andrew Stevenson X WSH 109 192 22 44 6 5 23 13 61 1 1 0.229 0.294 0.339 0.633
Charlie Culberson 3B TEX 91 247 23 60 15 2 5 22 17 64 7 1 0.243 0.296 0.381 0.677
Mauricio Dubon CF SF 74 175 20 42 9 5 22 9 41 2 1 0.24 0.278 0.377 0.655
Thairo Estrada SS SF 52 121 19 33 4 7 22 9 23 1 0 0.273 0.333 0.479 0.812
Luis Garcia 2B WSH 70 236 29 57 18 2 6 22 11 43 0 2 0.242 0.275 0.411 0.686
Mike Moustakas 3B CIN 62 183 21 38 12 6 22 18 46 0 0 0.208 0.282 0.372 0.654
Victor Reyes RF DET 76 209 26 54 10 4 5 22 8 55 5 1 0.258 0.284 0.416 0.7
Willians Astudillo 3B MIN 73 208 17 49 8 7 21 3 12 0 0 0.236 0.259 0.375 0.634
Matt Carpenter X STL 130 207 18 35 11 1 3 21 35 77 2 0 0.169 0.305 0.275 0.58
Jason Castro C HOU 66 149 22 35 7 8 21 25 54 0 0 0.235 0.356 0.443 0.799
Erik Gonzalez 3B PIT 71 220 17 51 7 1 2 21 8 40 2 2 0.232 0.258 0.3 0.558
Nick Madrigal 2B CWS 54 200 30 61 10 4 2 21 11 17 1 2 0.305 0.349 0.425 0.774
Josh Naylor RF CLE 69 233 28 59 13 7 21 14 45 1 0 0.253 0.301 0.399 0.7
Michael Perez C PIT 70 210 19 30 8 1 7 21 19 68 0 1 0.143 0.221 0.29 0.511
Josh Reddick RF ARI 54 151 15 39 11 2 21 6 31 0 0 0.258 0.285 0.371 0.656
Kelvin Gutierrez 3B BAL 85 272 23 63 8 3 3 20 19 76 0 1 0.232 0.292 0.316 0.608
Carter Kieboom 3B WSH 62 217 26 45 6 6 20 25 62 0 0 0.207 0.301 0.318 0.619
Danny Mendick 2B CWS 71 164 14 36 5 2 20 18 42 0 1 0.22 0.303 0.287 0.59
Jose Peraza 2B NYM 64 142 21 29 7 6 20 9 26 1 0 0.204 0.266 0.38 0.646
Wilson Ramos C CLE 44 151 15 31 5 8 20 9 36 0 0 0.205 0.248 0.397 0.645
Zack Short SS DET 61 156 21 22 4 6 20 22 59 2 0 0.141 0.239 0.282 0.521
Abraham Almonte LF ATL 64 148 20 32 12 5 19 26 38 1 1 0.216 0.331 0.399 0.73
Jake Bauers RF SEA 115 282 27 59 7 4 19 30 78 6 1 0.209 0.29 0.277 0.567
Jon Berti 3B MIA 85 233 35 49 10 1 4 19 32 61 8 4 0.21 0.311 0.313 0.624
Bryan De La Cruz CF MIA 58 199 17 59 7 2 5 19 18 53 1 1 0.296 0.356 0.427 0.783
Keston Hiura 1B MIL 61 173 16 29 9 1 4 19 14 77 3 0 0.168 0.256 0.301 0.557
Jake Lamb 3B TOR 55 144 25 28 4 7 19 22 51 0 0 0.194 0.306 0.368 0.674
Brandon Marsh CF LAA 70 236 27 60 12 3 2 19 20 91 6 1 0.254 0.317 0.356 0.673
Nomar Mazara RF DET 50 165 12 35 5 2 3 19 15 45 0 0 0.212 0.276 0.321 0.597
Oscar Mercado LF CLE 72 214 27 48 11 1 6 19 21 42 7 1 0.224 0.3 0.369 0.669
Victor Robles CF WSH 107 315 37 64 21 1 2 19 33 85 8 6 0.203 0.31 0.295 0.605
Mike Brosseau 2B TB 57 150 21 28 9 5 18 15 53 2 0 0.187 0.266 0.347 0.613
David Dahl LF TEX 63 205 19 43 11 4 18 10 59 2 1 0.21 0.247 0.322 0.569
Adam Engel CF CWS 39 123 21 31 9 7 18 11 31 7 1 0.252 0.336 0.496 0.832
Owen Miller 2B CLE 60 191 17 39 8 4 18 9 54 2 0 0.204 0.243 0.309 0.552
Joe Panik X MIA 95 236 17 49 9 3 18 17 34 2 0 0.208 0.266 0.284 0.55
Luis Rengifo SS LAA 54 174 22 35 1 6 18 9 38 1 0 0.201 0.246 0.31 0.556
Taylor Trammell CF SEA 51 156 23 25 7 8 18 17 75 2 3 0.16 0.256 0.359 0.615
Mike Trout CF LAA 36 117 23 39 8 1 8 18 27 41 2 0 0.333 0.466 0.624 1.09
Sergio Alcantara SS CHC 89 220 30 45 6 3 5 17 30 74 3 0 0.205 0.303 0.327 0.63
Kole Calhoun RF ARI 51 166 17 39 8 5 17 15 41 1 0 0.235 0.297 0.373 0.67
Isan Diaz 3B MIA 89 238 25 46 9 4 17 34 73 1 1 0.193 0.293 0.282 0.575
Santiago Espinal 3B TOR 92 222 32 69 13 1 2 17 22 30 6 1 0.311 0.376 0.405 0.781
Shed Long LF SEA 34 111 13 22 4 1 4 17 9 39 1 0 0.198 0.258 0.36 0.618
Jason Martin LF TEX 58 144 14 30 3 6 17 8 41 3 1 0.208 0.248 0.354 0.602
Adalberto Mondesi 3B KC 35 126 19 29 8 1 6 17 6 43 15 1 0.23 0.271 0.452 0.723
Roberto Perez C CLE 44 141 13 21 3 7 17 17 56 1 0 0.149 0.245 0.319 0.564
Jake Rogers C DET 38 113 17 27 5 3 6 17 11 46 1 0 0.239 0.306 0.496 0.802
Phillip Evans 1B PIT 76 214 23 44 5 5 16 28 53 1 0 0.206 0.312 0.299 0.611
Andres Gimenez SS CLE 68 188 23 41 10 5 16 11 54 11 0 0.218 0.282 0.351 0.633
Nico Hoerner 2B CHC 44 149 13 45 10 16 17 25 5 3 0.302 0.382 0.369 0.751
Taylor Jones DH HOU 35 102 11 25 8 1 2 16 4 29 0 0 0.245 0.269 0.402 0.671
Stephen Piscotty RF OAK 72 173 14 38 8 5 16 13 48 1 0 0.22 0.282 0.353 0.635
Brent Rooker LF MIN 58 189 25 38 10 9 16 15 70 0 0 0.201 0.291 0.397 0.688
Kurt Suzuki C LAA 72 219 17 49 8 6 16 12 44 0 0 0.224 0.294 0.342 0.636
Robinson Chirinos C CHC 45 97 13 22 5 1 5 15 9 36 0 0 0.227 0.324 0.454 0.778
Clint Frazier LF NYY 66 183 20 34 9 5 15 32 65 2 0 0.186 0.317 0.317 0.634
Lars Nootbaar RF STL 58 109 15 26 3 1 5 15 13 28 2 1 0.239 0.317 0.422 0.739
Kevin Plawecki C BOS 64 157 15 45 7 3 15 12 26 0 0 0.287 0.349 0.389 0.738
Jose Rojas RF LAA 61 168 26 35 14 6 15 15 50 2 1 0.208 0.277 0.399 0.676
Keibert Ruiz C WSH 29 88 10 24 3 3 15 6 9 0 0 0.273 0.333 0.409 0.742
Mike Tauchman LF SF 75 166 22 30 5 4 15 23 58 3 3 0.181 0.284 0.283 0.567
Breyvic Valera 3B TOR 39 87 10 22 6 1 15 8 12 1 0 0.253 0.313 0.356 0.669
Taylor Walls SS TB 54 152 15 32 10 1 15 23 49 4 2 0.211 0.314 0.296 0.61
Eli White LF TEX 64 198 26 35 6 1 6 15 18 66 4 3 0.177 0.259 0.308 0.567
Andrew Young X ARI 58 91 13 19 7 6 15 6 45 0 0 0.209 0.298 0.484 0.782
Seby Zavala C CWS 37 93 15 17 3 5 15 6 41 0 0 0.183 0.24 0.376 0.616
Orlando Arcia X ATL 36 81 9 16 3 2 14 7 19 1 0 0.198 0.258 0.309 0.567
Brandon Drury X NYM 51 84 7 23 5 4 14 3 22 0 0 0.274 0.307 0.476 0.783
Aaron Hicks CF NYY 32 108 13 21 3 4 14 14 30 0 0 0.194 0.294 0.333 0.627
Derek Hill CF DET 49 139 19 36 3 3 3 14 10 42 6 3 0.259 0.313 0.388 0.701
Sandy Leon C MIA 84 202 15 37 5 4 14 12 65 0 0 0.183 0.237 0.267 0.504
Jorge Mateo 2B BAL 89 194 19 48 11 1 4 14 9 55 10 3 0.247 0.293 0.376 0.669
Nick Maton 2B PHI 52 117 16 30 7 1 2 14 10 39 2 0 0.256 0.323 0.385 0.708
Ryan McKenna LF BAL 90 169 20 31 6 1 2 14 24 74 1 0 0.183 0.292 0.266 0.558
John Nogowski 1B PIT 52 129 14 30 7 1 14 12 22 0 1 0.233 0.301 0.31 0.611
Hoy Park 2B PIT 45 128 16 25 5 2 3 14 18 38 1 1 0.195 0.297 0.336 0.633
Danny Santana 1B BOS 38 116 15 21 2 1 5 14 10 30 4 2 0.181 0.252 0.345 0.597
Max Schrock LF CIN 53 125 19 36 7 2 3 14 8 24 1 1 0.288 0.328 0.448 0.776
Austin Wynns C BAL 45 130 14 24 4 4 14 8 31 1 0 0.185 0.232 0.308 0.54
Daz Cameron RF DET 35 103 16 20 5 4 13 10 38 6 0 0.194 0.278 0.359 0.637
Jake Cave LF MIN 76 164 14 31 6 1 3 13 10 62 1 1 0.189 0.249 0.293 0.542
Lewin Diaz 1B MIA 40 122 16 25 4 1 8 13 6 33 0 0 0.205 0.242 0.451 0.693
Tomas Nido C NYM 58 153 16 34 5 1 3 13 5 44 1 0 0.222 0.261 0.327 0.588
Cal Raleigh C SEA 47 139 6 25 12 2 13 7 52 0 0 0.18 0.223 0.309 0.532
Shogo Akiyama CF CIN 88 162 16 33 8 12 14 40 2 3 0.204 0.282 0.253 0.535
Miguel Andujar LF NYY 45 154 19 39 2 6 12 7 28 0 1 0.253 0.284 0.383 0.667
Alex Jackson C MIA 52 131 13 18 4 3 12 13 73 0 0 0.137 0.252 0.237 0.489
Jose Marmolejos 1B SEA 41 106 11 17 4 4 12 15 39 0 0 0.16 0.262 0.311 0.573
Edward Olivares RF KC 39 101 14 24 2 5 12 5 19 2 2 0.238 0.291 0.406 0.697
Rob Refsnyder CF MIN 51 139 21 34 7 2 12 17 40 1 0 0.245 0.325 0.338 0.663
Eric Sogard 2B CHC 78 169 16 42 6 1 1 12 9 30 3 1 0.249 0.283 0.314 0.597
Ka'ai Tom LF PIT 48 108 10 15 2 1 2 12 17 36 1 0 0.139 0.278 0.231 0.509
Cole Tucker SS PIT 43 117 15 26 4 2 2 12 13 33 2 2 0.222 0.298 0.342 0.64
Anthony Alford LF PIT 49 133 14 31 6 1 5 11 12 58 5 6 0.233 0.311 0.406 0.717
Michael Chavis 2B PIT 43 121 16 30 7 1 3 11 1 42 1 2 0.248 0.258 0.397 0.655
Dustin Garneau C DET 20 62 9 13 5 6 11 3 18 0 0 0.21 0.25 0.581 0.831
Billy Hamilton CF CWS 71 127 23 28 8 3 2 11 4 47 9 0 0.22 0.242 0.378 0.62
Andrew Knapp C PHI 62 145 13 22 3 2 11 10 61 0 0 0.152 0.215 0.214 0.429
Kyle Lewis CF SEA 36 130 15 32 4 5 11 16 37 2 0 0.246 0.333 0.392 0.725
Pablo Sandoval X ATL 69 73 11 13 4 11 11 25 0 0 0.178 0.302 0.342 0.644
Justin Williams RF STL 51 119 10 19 4 11 17 46 0 1 0.16 0.27 0.261 0.531
Riley Adams C WSH 47 99 13 22 8 1 2 10 15 40 0 0 0.222 0.358 0.384 0.742
Tres Barrera C WSH 30 91 8 24 3 1 2 10 12 22 0 0 0.264 0.374 0.385 0.759
Khris Davis DH OAK 42 102 11 21 5 1 3 10 10 31 0 0 0.206 0.272 0.363 0.635
Jarren Duran CF BOS 33 107 17 23 3 2 2 10 4 40 2 1 0.215 0.241 0.336 0.577
Jarrod Dyson CF TOR 102 135 17 28 7 2 10 10 33 10 5 0.207 0.26 0.289 0.549
Kyle Garlick RF MIN 36 99 17 23 8 5 10 6 32 1 0 0.232 0.28 0.465 0.745
Ender Inciarte CF ATL 52 79 11 17 2 2 10 7 22 1 0 0.215 0.276 0.316 0.592
Travis Jankowski CF PHI 76 131 24 33 6 2 1 10 22 29 5 0 0.252 0.364 0.351 0.715
Reese McGuire C TOR 78 198 22 50 15 1 10 15 44 0 0 0.253 0.31 0.343 0.653
Gerardo Parra X WSH 53 97 13 23 5 2 10 6 30 1 1 0.237 0.292 0.351 0.643
Rio Ruiz X COL 62 125 11 21 4 3 10 12 38 2 0 0.168 0.243 0.272 0.515
Alex Avila C WSH 34 89 5 17 9 1 1 9 19 37 0 0 0.191 0.345 0.348 0.693
Ernie Clement 2B CLE 40 121 16 28 4 3 9 7 19 0 1 0.231 0.285 0.339 0.624
Franchy Cordero LF BOS 48 127 12 24 6 1 9 8 51 1 1 0.189 0.237 0.26 0.497
JaCoby Jones CF DET 36 100 9 17 2 2 9 5 42 2 2 0.17 0.21 0.25 0.46
Andrew Knizner C STL 63 161 18 28 7 1 9 20 39 0 0 0.174 0.281 0.236 0.517
German Marquez P COL 32 53 5 14 5 1 9 13 0 0 0.264 0.264 0.415 0.679
Jordy Mercer 2B WSH 46 118 13 30 7 2 9 9 34 0 0 0.254 0.307 0.364 0.671
Brian O'Grady X SD 32 51 8 8 3 2 9 8 17 0 0 0.157 0.267 0.333 0.6
Yohel Pozo DH TEX 21 74 8 21 4 1 9 3 10 0 0 0.284 0.312 0.378 0.69
Rene Rivera C WSH 25 69 8 16 3 2 9 4 29 0 0 0.232 0.293 0.362 0.655
Jose Rondon X STL 63 80 13 21 3 3 9 8 17 2 0 0.263 0.322 0.413 0.735
Jose Siri RF HOU 21 46 10 14 1 4 9 1 17 3 1 0.304 0.347 0.609 0.956
Leody Taveras CF TEX 49 174 14 28 6 2 3 9 9 60 10 1 0.161 0.207 0.27 0.477
Trayce Thompson RF CHC 15 28 6 7 1 4 9 7 11 2 0 0.25 0.4 0.714 1.114
Julio Urias P LAD 32 59 5 12 2 9 22 0 0 0.203 0.217 0.237 0.454
Jason Vosler 3B SF 41 73 12 13 4 3 9 7 21 2 0 0.178 0.256 0.356 0.612
Evan White 1B SEA 30 97 8 14 3 2 9 6 31 0 0 0.144 0.202 0.237 0.439
Jonathan Arauz 2B BOS 28 65 9 12 3 3 8 8 15 0 0 0.185 0.274 0.369 0.643
Rodolfo Castro 2B PIT 31 86 9 17 2 5 8 6 27 0 0 0.198 0.258 0.395 0.653
Robel Garcia 3B HOU 47 106 8 16 3 1 8 8 42 0 0 0.151 0.216 0.208 0.424
Richie Martin SS BAL 37 98 9 23 2 1 8 4 28 0 2 0.235 0.269 0.286 0.555
Wyatt Mathisen 1B ARI 23 42 3 5 1 8 5 21 0 0 0.119 0.255 0.19 0.445
Henry Ramos RF ARI 18 50 5 10 2 1 8 4 12 0 0 0.2 0.255 0.3 0.555
Nick Senzel CF CIN 36 111 18 28 4 1 8 12 16 2 5 0.252 0.323 0.315 0.638
Austin Dean X STL 22 30 5 7 2 1 7 6 11 0 0 0.233 0.342 0.4 0.742
Nick Fortes C MIA 14 31 6 9 4 7 3 8 1 0 0.29 0.353 0.677 1.03
Cam Gallagher C KC 48 112 9 28 6 1 7 8 20 0 0 0.25 0.298 0.33 0.628
Aramis Garcia C OAK 32 88 8 18 1 3 7 1 28 0 0 0.205 0.239 0.318 0.557
Grayson Greiner C DET 31 72 7 17 4 1 7 9 31 0 0 0.236 0.321 0.333 0.654
Michael Hermosillo X CHC 16 36 5 7 2 3 7 1 12 0 0 0.194 0.237 0.5 0.737
John Hicks C TEX 10 31 6 8 1 4 7 8 0 0 0.258 0.258 0.677 0.935
Kyle Isbel RF KC 28 76 16 21 5 2 1 7 7 23 2 0 0.276 0.337 0.434 0.771
Matt Joyce X PHI 43 55 6 5 1 2 7 12 16 0 0 0.091 0.261 0.218 0.479
Tim Locastro LF NYY 64 139 15 25 4 2 7 7 33 5 3 0.18 0.263 0.252 0.515
Renato Nunez 1B DET 14 53 7 10 3 4 7 1 16 0 0 0.189 0.218 0.472 0.69
Ben Rortvedt C MIN 39 89 8 15 1 3 7 6 29 0 0 0.169 0.229 0.281 0.51
Ildemaro Vargas 3B ARI 34 77 7 12 3 1 7 6 17 1 0 0.156 0.217 0.221 0.438
Donovan Walton 2B SEA 24 63 6 13 2 1 2 7 4 15 1 0 0.206 0.254 0.365 0.619
Logan Webb P SF 28 46 7 6 2 1 1 7 2 21 0 0 0.13 0.167 0.283 0.45
Eddy Alvarez 3B MIA 24 64 8 12 4 1 1 6 4 18 1 0 0.188 0.297 0.328 0.625
Delino DeShields CF CIN 25 47 4 12 5 1 6 9 11 2 1 0.255 0.375 0.426 0.801
Yonny Hernandez 3B TEX 43 143 15 31 5 6 17 32 11 2 0.217 0.315 0.252 0.567
Patrick Mazeika C NYM 37 79 6 15 3 1 6 4 18 0 0 0.19 0.253 0.266 0.519
Jacob Nottingham DH SEA 15 40 5 6 1 3 6 2 20 0 0 0.15 0.222 0.4 0.622
Andrew Velazquez SS NYY 28 67 11 15 4 1 1 6 1 23 4 1 0.224 0.235 0.358 0.593
Matt Vierling X PHI 34 71 11 23 3 1 2 6 4 20 2 0 0.324 0.364 0.479 0.843
Chad Wallach C MIA 23 60 2 12 2 1 6 3 32 0 0 0.2 0.242 0.267 0.509
Luke Williams X PHI 58 98 8 24 4 1 6 10 23 2 2 0.245 0.315 0.316 0.631
Kean Wong X LAA 32 60 3 10 2 1 6 2 17 0 1 0.167 0.194 0.233 0.427
Huascar Ynoa P ATL 18 32 3 7 1 2 6 15 0 0 0.219 0.219 0.438 0.657
Jacob deGrom P NYM 15 33 4 12 1 6 9 0 0 0.364 0.364 0.394 0.758
Alex Blandino 1B CIN 43 70 9 14 4 5 8 28 1 0 0.2 0.317 0.257 0.574
Drew Butera C LAA 12 32 1 3 1 5 16 0 0 0.094 0.091 0.125 0.216
Humberto Castellanos P ARI 14 6 1 3 1 5 1 0 0 0.5 0.429 1 1.429
Jose Devers 2B MIA 21 41 7 10 3 5 3 11 0 0 0.244 0.304 0.317 0.621
Drew Ellis 3B ARI 28 69 10 9 2 1 5 10 27 0 0 0.13 0.277 0.203 0.48
Johneshwy Fargas X CHC 22 52 4 13 3 2 5 1 15 1 2 0.25 0.264 0.385 0.649
Mike Ford 1B NYY 22 60 6 8 3 5 11 23 0 0 0.133 0.278 0.283 0.561
Max Fried P ATL 32 55 7 15 3 5 4 18 0 0 0.273 0.322 0.327 0.649
Chris Gittens 1B NYY 16 36 1 4 1 5 7 13 0 0 0.111 0.25 0.194 0.444
Luis Guillorme 3B NYM 69 132 13 35 3 1 5 23 23 0 2 0.265 0.374 0.311 0.685
Sam Haggerty LF SEA 35 86 15 16 3 2 5 6 28 5 1 0.186 0.247 0.291 0.538
Daniel Johnson RF CLE 30 77 9 17 4 5 4 27 1 0 0.221 0.259 0.377 0.636
Chris Owings X COL 21 43 9 14 4 3 1 5 7 15 2 1 0.326 0.42 0.628 1.048
Isaac Paredes 2B DET 23 72 7 15 3 1 1 5 10 11 0 0 0.208 0.306 0.319 0.625
Emmanuel Rivera 3B KC 29 90 13 23 4 1 5 8 21 2 0 0.256 0.316 0.333 0.649
Andrew Romine SS CHC 26 60 7 11 2 1 5 4 24 0 1 0.183 0.234 0.267 0.501
Austin Romine C CHC 28 60 5 13 2 1 5 2 22 0 0 0.217 0.242 0.3 0.542
Magneuris Sierra CF MIA 123 209 27 48 6 1 5 15 50 11 0 0.23 0.281 0.268 0.549
Tyler Wade SS NYY 103 127 31 34 5 1 5 16 37 17 6 0.268 0.354 0.323 0.677
Travis Blankenhorn X NYM 24 23 4 4 2 1 4 1 8 0 0 0.174 0.208 0.391 0.599
Skye Bolt X OAK 34 57 5 5 1 1 4 1 15 2 0 0.088 0.103 0.158 0.261
Corbin Burnes P MIL 28 52 1 8 4 3 26 0 0 0.154 0.2 0.154 0.354
Daniel Camarena P SD 6 3 1 1 1 4 2 0 0 0.333 0.333 1.333 1.666
Jonathan Davis X NYY 64 87 20 11 1 1 4 12 26 4 1 0.126 0.252 0.172 0.424
Todd Frazier 1B PIT 13 35 3 3 1 4 3 6 0 0 0.086 0.2 0.114 0.314
Kyle Freeland P COL 25 33 3 6 1 4 2 17 0 0 0.182 0.222 0.212 0.434
Kevin Gausman P SF 34 54 6 10 4 2 31 0 0 0.185 0.211 0.185 0.396
Ryan LaMarre LF NYY 9 21 3 4 2 4 2 6 1 0 0.19 0.292 0.476 0.768
Eric Lauer P MIL 26 26 3 4 1 4 3 15 0 0 0.154 0.258 0.269 0.527
Domingo Leyba 2B BAL 34 87 6 10 1 1 4 8 23 0 0 0.115 0.198 0.161 0.359
Rafael Marchan C PHI 20 52 7 12 1 1 1 4 4 10 0 0 0.231 0.286 0.346 0.632
Nick Martini X CHC 25 37 4 10 1 4 6 10 0 1 0.27 0.356 0.297 0.653
Jake McCarthy CF ARI 24 59 11 13 3 2 4 8 23 3 2 0.22 0.333 0.373 0.706
Sheldon Neuse 2B LAD 33 65 6 11 1 3 4 1 26 1 1 0.169 0.182 0.323 0.505
Aaron Nola P PHI 33 49 5 7 2 4 6 29 0 0 0.143 0.232 0.184 0.416
Cristian Pache CF ATL 22 63 6 7 3 1 4 2 25 0 0 0.111 0.152 0.206 0.358
Josh Palacios RF TOR 13 35 7 7 4 3 11 0 0 0.2 0.293 0.2 0.493
Luke Raley RF LAD 33 66 5 12 1 2 4 2 25 0 0 0.182 0.25 0.288 0.538
Webster Rivas C SD 24 68 8 15 2 2 4 8 16 0 0 0.221 0.303 0.338 0.641
Daniel Robertson 3B MIL 50 73 10 12 2 2 4 12 28 0 0 0.164 0.303 0.274 0.577
Chance Sisco C NYM 28 74 5 11 3 4 7 21 0 0 0.149 0.241 0.189 0.43
Adam Wainwright P STL 34 57 1 7 2 4 3 25 0 0 0.123 0.167 0.158 0.325
Jose Barrero SS CIN 21 50 4 10 4 1 3 3 17 1 0 0.2 0.286 0.32 0.606
Seth Beer DH ARI 5 9 4 4 1 1 3 1 3 0 0 0.444 0.5 0.889 1.389
JT Brubaker P PIT 25 38 0 3 3 4 15 0 0 0.079 0.167 0.079 0.246
Jay Bruce 1B NYY 10 34 3 4 1 1 3 5 13 0 0 0.118 0.231 0.235 0.466
Walker Buehler P LAD 34 69 5 7 2 3 5 45 0 0 0.101 0.162 0.13 0.292
Madison Bumgarner P ARI 28 39 3 4 1 3 9 29 0 0 0.103 0.28 0.128 0.408
Jake Burger 3B CWS 15 38 5 10 3 1 1 3 4 15 0 0 0.263 0.333 0.474 0.807
Gilberto Celestino CF MIN 23 59 7 8 3 2 3 3 14 0 0 0.136 0.177 0.288 0.465
Will Craig 1B PIT 18 60 5 13 2 1 3 5 22 0 0 0.217 0.277 0.3 0.577
Oneil Cruz SS PIT 2 9 2 3 1 3 4 0 0 0.333 0.333 0.667 1
Jack Flaherty P STL 17 17 2 2 1 3 5 7 0 0 0.118 0.304 0.294 0.598
Mike Freeman SS CIN 37 59 6 11 3 5 20 1 1 0.186 0.262 0.186 0.448
Zac Gallen P ARI 23 32 2 6 2 3 1 18 0 0 0.188 0.212 0.25 0.462
Jose Godoy C SEA 16 37 2 6 1 3 3 14 0 0 0.162 0.225 0.189 0.414
Jon Gray P COL 31 47 2 5 3 32 0 0 0.106 0.106 0.106 0.212
Scott Heineman X CIN 19 30 5 3 2 3 3 15 0 0 0.1 0.206 0.3 0.506
Jahmai Jones 2B BAL 26 67 5 10 3 3 4 26 1 0 0.149 0.208 0.194 0.402
Clayton Kershaw P LAD 24 36 2 8 3 1 11 0 0 0.222 0.243 0.222 0.465
Jon Lester P STL 30 48 3 8 2 1 3 2 24 0 0 0.167 0.2 0.271 0.471
Jonathan Lucroy C ATL 7 19 2 6 1 3 3 4 0 0 0.316 0.409 0.368 0.777
Luke Maile C MIL 15 30 6 9 4 3 3 7 0 0 0.3 0.382 0.433 0.815
Tucupita Marcano X SD 25 44 7 8 1 3 6 9 0 1 0.182 0.28 0.205 0.485
Wade Miley P CIN 30 54 9 10 3 3 3 13 0 0 0.185 0.228 0.241 0.469
Mickey Moniak CF PHI 21 33 3 3 1 3 3 16 0 0 0.091 0.167 0.182 0.349
Tyler Nevin LF BAL 6 14 3 4 2 1 3 4 5 0 0 0.286 0.444 0.643 1.087
Pablo Reyes 3B MIL 53 78 12 20 5 1 3 9 15 4 0 0.256 0.333 0.359 0.692
Alfonso Rivas 1B CHC 18 44 7 14 1 1 3 4 16 0 0 0.318 0.388 0.409 0.797
Sebastian Rivero C KC 17 40 1 7 2 3 3 15 0 0 0.175 0.25 0.225 0.475
Joe Ross P WSH 22 32 1 8 3 1 14 0 0 0.25 0.294 0.25 0.544
Kevan Smith C ATL 33 95 8 16 3 3 10 31 0 0 0.168 0.248 0.2 0.448
Steven Souza RF LAD 17 33 2 5 1 1 1 3 2 14 0 0 0.152 0.222 0.333 0.555
Garrett Stubbs C HOU 18 34 2 6 2 3 2 7 0 0 0.176 0.222 0.235 0.457
Alan Trejo X COL 28 46 7 10 2 1 3 3 15 0 0 0.217 0.26 0.326 0.586
Vince Velasquez P SD 26 23 0 2 3 2 9 0 0 0.087 0.16 0.087 0.247
Zack Wheeler P PHI 33 68 1 11 2 3 39 0 0 0.162 0.162 0.191 0.353
Matt Adams X COL 22 36 3 6 1 2 4 9 0 0 0.167 0.25 0.194 0.444
Greg Allen RF NYY 15 37 9 10 4 1 2 5 13 5 0 0.27 0.417 0.432 0.849
Anthony Bemboom C LAA 8 27 2 6 2 1 10 0 0 0.222 0.25 0.222 0.472
Jorge Bonifacio CF PHI 7 11 0 1 2 1 6 0 0 0.091 0.167 0.091 0.258
Vidal Brujan X TB 10 26 3 2 2 8 1 0 0.077 0.077 0.077 0.154
Luis Castillo P CIN 33 49 1 8 2 2 1 23 0 0 0.163 0.18 0.204 0.384
Zach Davies P CHC 33 34 2 6 2 8 0 0 0.176 0.176 0.176 0.352
Stuart Fairchild CF ARI 12 15 3 2 1 2 1 3 0 0 0.133 0.235 0.2 0.435
Estevan Florial CF NYY 11 20 3 6 2 1 2 5 6 1 0 0.3 0.44 0.55 0.99
Dustin Fowler CF PIT 18 41 3 7 1 2 3 20 1 0 0.171 0.239 0.195 0.434
TJ Friedl CF CIN 14 31 9 9 1 1 2 4 2 0 0 0.29 0.361 0.419 0.78
Kyle Gibson P PHI 31 29 3 4 1 2 10 0 0 0.138 0.138 0.241 0.379
Romy Gonzalez 3B CWS 10 32 4 8 3 2 1 11 0 0 0.25 0.273 0.344 0.617
Jake Hager 2B ARI 14 26 2 3 2 4 14 0 0 0.115 0.233 0.115 0.348
Adrian Houser P MIL 28 42 2 3 2 2 2 30 0 0 0.071 0.114 0.214 0.328
Kwang Hyun Kim P STL 27 26 0 3 1 2 9 0 0 0.115 0.148 0.154 0.302
Patrick Kivlehan X SD 5 4 3 1 2 2 3 0 0 0.25 0.5 0.25 0.75
Lance Lynn P CWS 28 5 0 1 2 3 0 0 0.2 0.2 0.2 0.4
Jared Oliva RF PIT 20 40 4 7 2 2 3 10 2 0 0.175 0.233 0.225 0.458
Connor Overton P PIT 9 1 1 1 2 0 0 1 1 1 2
Johan Oviedo P STL 14 20 3 3 2 2 9 0 0 0.15 0.227 0.15 0.377
Matt Peacock P ARI 35 16 3 4 2 1 4 1 0 0.25 0.294 0.25 0.544
David Price P LAD 39 15 1 4 1 2 3 0 0 0.267 0.25 0.333 0.583
Roman Quinn CF PHI 28 52 8 9 2 2 2 6 19 4 3 0.173 0.306 0.288 0.594
Troy Stokes RF PIT 8 18 2 2 1 2 1 5 1 0 0.111 0.2 0.167 0.367
Dillon Thomas LF SEA 4 9 2 1 2 7 0 0 0.111 0.111 0.111 0.222
Chadwick Tromp C SF 9 18 1 4 1 2 4 0 0 0.222 0.222 0.389 0.611
Colton Welker X COL 19 37 7 7 1 2 3 11 0 0 0.189 0.25 0.216 0.466
Stevie Wilkerson 2B BAL 31 72 5 12 3 2 3 30 2 0 0.167 0.211 0.208 0.419
Brandon Woodruff P MIL 30 52 0 6 2 3 28 0 0 0.115 0.164 0.115 0.279
Austin Allen C OAK 4 8 2 2 1 1 3 0 0 0.25 0.25 0.625 0.875
Brett Anderson P MIL 24 28 2 1 4 14 0 0 0 0.125 0 0.125
Tyler Anderson P SEA 31 39 1 4 1 1 1 29 0 0 0.103 0.125 0.179 0.304
Humberto Arteaga SS WSH 1 3 0 1 0 0 0 0 0 0
Joey Bart C SF 2 6 1 2 1 2 0 0 0.333 0.333 0.333 0.666
Trevor Bauer P LAD 17 30 0 1 1 1 11 0 0 0.033 0.065 0.033 0.098
Edward Cabrera P MIA 7 7 0 1 1 1 3 0 0 0.143 0.143 0.286 0.429
Luis Campusano C SD 11 34 0 3 1 4 11 0 0 0.088 0.184 0.088 0.272
Ivan Castillo X SD 3 3 0 1 1 1 0 0 0.333 0.5 0.333 0.833
Yu Darvish P SD 30 53 2 5 2 1 25 0 0 0.094 0.111 0.132 0.243
Alex De Goti 2B HOU 2 6 2 2 1 1 2 0 0 0.333 0.429 0.333 0.762
Jose De Leon P CIN 9 4 0 1 1 2 0 0 0.25 0.25 0.25 0.5
Anthony DeSclafani P SF 34 51 2 2 1 1 4 33 0 0 0.039 0.109 0.059 0.168
Greg Deichmann RF CHC 14 30 0 4 1 1 14 0 0 0.133 0.161 0.133 0.294
Justin Dunn P SEA 11 3 0 1 1 1 2 0 0 0.333 0.333 0.667 1
Scott Effross P CHC 14 0 0 1 0 0 0 0 0 0
Zach Eflin P PHI 18 29 1 1 1 15 0 0 0 0.065 0 0.065
Erick Fedde P WSH 29 36 0 1 1 14 0 0 0 0.026 0 0.026
Derek Fisher RF MIL 4 8 1 2 1 1 1 0 0 0.25 0.25 0.5 0.75
Dexter Fowler RF LAA 7 20 3 5 1 1 6 1 0 0.25 0.286 0.25 0.536
Austin Gomber P COL 24 32 0 3 1 1 13 0 0 0.094 0.121 0.094 0.215
Chi Chi Gonzalez P COL 24 31 3 5 1 1 1 16 0 0 0.161 0.188 0.194 0.382
Vladimir Gutierrez P CIN 22 33 3 3 1 2 14 0 0 0.091 0.143 0.091 0.234
Ronald Guzman 1B TEX 7 16 1 1 1 1 1 6 0 0 0.063 0.118 0.25 0.368
Nick Heath CF ARI 20 35 3 5 1 1 4 15 0 2 0.143 0.231 0.171 0.402
Kyle Hendricks P CHC 32 52 3 6 1 1 2 26 0 0 0.115 0.148 0.135 0.283
Jeff Hoffman P CIN 32 15 1 2 1 3 0 0 0.133 0.133 0.133 0.266
Bryan Holaday C ARI 13 31 2 6 2 1 1 15 0 0 0.194 0.265 0.258 0.523
Cole Irvin P OAK 32 5 0 1 1 2 0 0 0.2 0.2 0.2 0.4
Jon Jay LF LAA 5 14 2 5 1 2 0 0 0.357 0.357 0.357 0.714
Merrill Kelly P ARI 27 47 1 3 1 1 4 27 0 0 0.064 0.137 0.085 0.222
Khalil Lee RF NYM 11 18 2 1 1 1 13 0 0 0.056 0.056 0.111 0.167
Vimael Machin SS OAK 15 32 1 4 1 3 10 0 0 0.125 0.2 0.125 0.325
Tyler Mahle P CIN 33 55 1 3 1 4 19 0 0 0.055 0.119 0.055 0.174
Deven Marrero SS MIA 10 16 4 3 1 1 3 6 1 0 0.188 0.316 0.375 0.691
Casey Mize P DET 30 2 0 1 1 1 0 0 0 0.333 0 0.333
Max Moroff 2B STL 6 16 0 1 1 10 0 0 0.063 0.063 0.063 0.126
Charlie Morton P ATL 34 55 5 7 1 1 31 0 0 0.127 0.127 0.145 0.272
Taylor Motter 2B BOS 16 26 5 5 1 1 1 3 8 0 0 0.192 0.276 0.308 0.584
Joe Musgrove P SD 40 51 2 7 2 1 1 23 0 0 0.137 0.151 0.176 0.327
Geraldo Perdomo SS ARI 11 31 5 8 3 1 1 6 6 0 0 0.258 0.378 0.419 0.797
Cody Poteet P MIA 8 10 1 1 1 3 0 0 0.1 0.1 0.1 0.2
Garrett Richards P BOS 40 5 0 1 1 1 2 0 0 0.2 0.2 0.4 0.6
Edwin Rios X LAD 25 51 4 4 1 1 7 18 0 0 0.078 0.217 0.137 0.354
Adrian Sanchez 2B WSH 16 35 5 9 2 1 3 4 0 0 0.257 0.316 0.314 0.63
Max Scherzer P LAD 30 59 0 1 28 0 0 0 0 0 0
Antonio Senzatela P COL 28 39 1 2 1 19 0 0 0.051 0.051 0.051 0.102
Kevin Smith 3B TOR 18 32 2 3 1 1 3 11 0 0 0.094 0.194 0.188 0.382
Marcus Stroman P NYM 33 51 2 5 2 1 4 24 1 0 0.098 0.164 0.137 0.301
Ranger Suarez P PHI 39 16 2 3 2 1 1 5 0 0 0.188 0.278 0.313 0.591
Curtis Terry DH TEX 13 45 3 4 2 1 2 15 0 0 0.089 0.146 0.133 0.279
Wilfredo Tovar 2B NYM 6 11 0 2 1 1 4 0 0 0.182 0.25 0.182 0.432
Taijuan Walker P NYM 31 47 0 5 1 1 29 0 0 0.106 0.143 0.106 0.249
Ryan Weathers P SD 32 27 3 4 1 1 1 7 0 0 0.148 0.179 0.259 0.438
Luke Weaver P ARI 13 19 1 2 1 1 12 0 0 0.105 0.15 0.105 0.255
Mason Williams CF NYM 17 33 3 7 1 1 1 4 9 0 1 0.212 0.297 0.333 0.63
Trevor Williams P NYM 23 25 1 5 1 1 9 0 0 0.2 0.231 0.2 0.431
Bryse Wilson P PIT 16 21 1 1 1 9 0 0 0.048 0.091 0.048 0.139
Jacob Wilson 3B HOU 12 20 3 3 1 1 1 1 3 0 0 0.15 0.19 0.3 0.49
Connor Wong C BOS 6 13 3 4 1 1 1 1 7 0 0 0.308 0.357 0.538 0.895
Fernando Abad P BAL 16 0 0 0 0 0 0 0 0 0
Cory Abbott P CHC 8 3 0 1 0 1 0 0 0.333 0.333 0.333 0.666
Albert Abreu P NYY 28 0 0 0 0 0 0 0 0 0
Bryan Abreu P HOU 31 0 0 0 0 0 0 0 0 0
Jason Adam P CHC 12 0 0 0 0 0 0 0 0 0
Austin Adams P SD 65 0 0 0 0 0 0 0 0 0
Joan Adon P WSH 1 2 0 0 2 0 0 0 0 0 0
Miguel Aguilar P ARI 9 0 0 0 0 0 0 0 0 0
Keegan Akin P BAL 24 2 0 0 2 0 0 0 0 0 0
R.J. Alaniz P CIN 3 1 0 0 1 0 0 0 0 0 0
Jorge Alcala P MIN 59 0 0 0 0 0 0 0 0 0
Sandy Alcantara P MIA 33 58 0 2 1 0 3 45 0 0 0.034 0.097 0.052 0.149
Scott Alexander P LAD 18 0 0 0 0 0 0 0 0 0
Tyler Alexander P DET 41 2 0 0 1 0 0 0 0 0 0
Kolby Allard P TEX 32 2 0 0 1 0 0 0 0 0 0
Logan Allen P CLE 14 1 0 0 1 0 0 0 0 0 0
Yency Almonte P COL 48 3 0 0 2 0 0 0 0 0 0
Albert Almora CF NYM 47 52 3 6 3 0 2 17 0 0 0.115 0.148 0.173 0.321
Dan Altavilla P SD 2 0 0 0 0 0 0 0 0 0
Jose Alvarado P PHI 64 0 0 0 0 0 0 0 0 0
Jose Alvarez P SF 67 2 1 0 2 2 0 0 0 0.5 0 0.5
Adbert Alzolay P CHC 30 31 1 2 1 0 1 13 0 0 0.065 0.094 0.097 0.191
Trey Amburgey RF NYY 2 4 0 0 2 0 0 0 0 0 0
Ian Anderson P ATL 24 37 0 2 1 0 1 29 0 0 0.054 0.079 0.081 0.16
Chase Anderson P PHI 14 11 0 0 6 0 0 0 0 0 0
Shaun Anderson P SD 5 0 0 0 0 0 0 0 0 0
Tanner Anderson P PIT 1 2 0 0 1 0 0 0 0 0 0
John Andreoli LF SD 7 6 2 1 1 0 1 3 0 0 0.167 0.286 0.333 0.619
Matt Andriese P SEA 34 0 0 0 0 0 0 0 0 0
Tejay Antone P CIN 23 3 1 0 1 3 0 0 0 0.25 0 0.25
Chris Archer P TB 6 0 0 0 0 0 0 0 0 0
Kohei Arihara P TEX 10 2 0 0 1 0 0 0 0 0 0
Shawn Armstrong P TB 31 0 0 0 0 0 0 0 0 0
Jake Arrieta P SD 25 23 3 3 0 2 16 0 0 0.13 0.231 0.13 0.361
Aaron Ashby P MIL 14 2 0 0 1 2 0 0 0 0.333 0 0.333
Pedro Avila P SD 1 1 0 0 1 0 0 0 0 0 0
Luis Avilan P WSH 4 0 0 0 0 0 0 0 0 0
John Axford P MIL 1 0 0 0 0 0 0 0 0 0
Alberto Baldonado P WSH 14 0 0 0 0 0 0 0 0 0
Anthony Banda P PIT 30 1 1 0 0 0 0 0 0 0
Caleb Baragar P SF 25 2 0 0 2 0 0 0 0 0 0
Daniel Bard P COL 67 1 1 1 0 0 0 1 1 1 2
Joe Barlow P TEX 31 0 0 0 0 0 0 0 0 0
Scott Barlow P KC 71 0 0 0 0 0 0 0 0 0
Charlie Barnes P MIN 9 1 0 0 1 0 0 0 0 0 0
Jacob Barnes P TOR 29 0 0 0 0 0 0 0 0 0
Matt Barnes P BOS 60 0 0 0 0 0 0 0 0 0
Kyle Barraclough P MIN 10 0 0 0 0 0 0 0 0 0
Luis Barrera LF OAK 6 8 1 2 0 2 0 0 0.25 0.25 0.25 0.5
Jaime Barria P LAA 13 3 0 0 3 0 0 0 0 0 0
Anthony Bass P MIA 70 0 0 0 0 0 0 0 0 0
Chris Bassitt P OAK 27 2 0 0 2 0 0 0 0 0 0
David Bednar P PIT 61 1 0 0 1 0 0 0 0 0 0
Cam Bedrosian P PHI 26 0 0 0 0 0 0 0 0 0
Tyler Beede P SF 1 0 0 0 0 0 0 0 0 0
Andrew Bellatti P MIA 3 0 0 0 0 0 0 0 0 0
Anthony Bender P MIA 61 2 0 0 1 0 0 0 0 0 0
Wes Benjamin P TEX 13 0 0 0 0 0 0 0 0 0
Travis Bergen P TOR 10 0 0 0 0 0 0 0 0 0
Jose Berrios P TOR 32 3 0 0 2 0 0 0 0 0 0
Dellin Betances P NYM 1 0 0 0 0 0 0 0 0 0
Alec Bettinger P MIL 4 1 0 0 1 0 0 0 0 0 0
Joe Biagini P CHC 1 0 0 0 0 0 0 0 0 0
Phil Bickford P LAD 57 3 0 1 0 2 0 0 0.333 0.333 0.333 0.666
Jesse Biddle P ATL 8 0 0 0 0 0 0 0 0 0
Shane Bieber P CLE 16 6 0 0 3 0 0 0 0 0 0
Brandon Bielak P HOU 28 0 0 0 0 0 0 0 0 0
Braden Bishop LF SEA 8 4 1 1 0 2 0 0 0.25 0.25 0.25 0.5
Richard Bleier P MIA 68 0 0 0 0 0 0 0 0 0
Ryan Borucki P TOR 24 0 0 0 0 0 0 0 0 0
Akeem Bostick P NYM 1 0 0 0 0 0 0 0 0 0
Ben Bowden P COL 39 0 0 0 0 0 0 0 0 0
Brad Boxberger P MIL 71 0 0 0 0 0 0 0 0 0
Matthew Boyd P DET 15 3 0 1 0 1 1 0 0 0.333 0.5 0.333 0.833
Brad Brach P CIN 35 0 0 0 0 0 0 0 0 0
Archie Bradley P PHI 53 1 0 0 1 0 0 0 0 0 0
Rob Brantly C NYY 6 20 0 3 1 0 4 0 0 0.15 0.19 0.2 0.39
Ryan Brasier P BOS 13 0 0 0 0 0 0 0 0 0
Steven Brault P PIT 7 6 0 1 1 0 2 0 0 0.167 0.167 0.333 0.5
John Brebbia P SF 18 1 0 0 1 0 0 0 0 0 0
Jake Brentz P KC 72 0 0 0 1 0 0 0 1 0 1
Zack Britton P NYY 22 0 0 0 0 0 0 0 0 0
Connor Brogdon P PHI 56 0 0 0 0 0 0 0 0 0
Rex Brothers P CHC 57 2 0 0 2 0 0 0 0 0 0
Justin Bruihl P LAD 21 0 0 0 1 0 0 0 1 0 1
Kris Bubic P KC 29 5 0 0 1 0 0 0 0 0 0
Ryan Buchter P ARI 18 0 0 0 0 0 0 0 0 0
J.B. Bukauskas P ARI 21 0 0 0 0 0 0 0 0 0
Aaron Bummer P CWS 62 0 0 0 0 0 0 0 0 0
Dylan Bundy P LAA 24 4 0 1 0 3 0 0 0.25 0.25 0.25 0.5
Andy Burns X LAD 9 11 2 3 1 0 3 1 0 0 0.273 0.467 0.364 0.831
Ryan Burr P CWS 34 0 0 0 0 0 0 0 0 0
Beau Burrows P MIN 5 0 0 0 0 0 0 0 0 0
Genesis Cabrera P STL 71 0 0 0 0 0 0 0 0 0
Trevor Cahill P PIT 9 9 0 1 0 4 0 0 0.111 0.111 0.111 0.222
Johan Camargo X ATL 15 16 1 0 2 6 0 0 0 0.111 0 0.111
Eric Campbell 3B SEA 4 11 1 3 0 1 1 0 0 0.273 0.333 0.273 0.606
Paul Campbell P MIA 16 5 0 0 2 0 0 0 0 0 0
Griffin Canning P LAA 16 0 0 0 0 0 0 0 0 0
Drew Carlton P DET 4 0 0 0 0 0 0 0 0 0
Carlos Carrasco P NYM 12 15 0 0 10 0 0 0 0 0 0
Daniel Castano P MIA 5 4 0 0 2 0 0 0 0 0 0
Ryan Castellani P COL 1 1 0 0 0 0 0 0 0 0
Diego Castillo P SEA 61 0 0 0 0 0 0 0 0 0
Erick Castillo C CHC 4 8 0 2 0 1 1 0 0 0.25 0.333 0.25 0.583
Kervin Castro P SF 10 0 0 0 0 0 0 0 0 0
Miguel Castro P NYM 69 0 0 0 0 0 0 0 0 0
Dylan Cease P CWS 32 8 1 3 1 0 3 0 0 0.375 0.375 0.5 0.875
Luis Cessa P CIN 53 0 0 0 0 0 0 0 0 0
Jhoulys Chacin P COL 46 6 0 0 2 0 0 0 0 0 0
Andrew Chafin P OAK 71 0 0 0 0 0 0 0 0 0
Aroldis Chapman P NYY 61 0 0 0 0 0 0 0 0 0
JT Chargois P TB 56 0 0 0 0 0 0 0 0 0
Tyler Chatwood P SF 32 1 0 0 1 0 0 0 0 0 0
Jesse Chavez P ATL 30 3 0 0 3 0 0 0 0 0 0
Adam Cimber P TOR 72 2 0 0 1 0 0 0 0 0 0
Steve Cishek P LAA 74 0 0 0 0 0 0 0 0 0
Jose Cisnero P DET 67 0 0 0 0 0 0 0 0 0
Nick Ciuffo C BAL 2 5 0 1 1 0 1 1 0 0 0.2 0.333 0.4 0.733
Aaron Civale P CLE 21 1 0 0 1 1 0 0 0 0.5 0 0.5
Taylor Clarke P ARI 43 3 0 1 0 2 0 0 0.333 0.333 0.333 0.666
Emmanuel Clase P CLE 71 0 0 0 0 0 0 0 0 0
Alex Claudio P LAA 41 0 0 0 0 0 0 0 0 0
Sam Clay P WSH 58 2 0 0 1 0 0 0 0 0 0
Garrett Cleavinger P LAD 22 2 0 1 1 0 1 0 0 0.5 0.5 1 1.5
Tyler Clippard P ARI 26 0 0 0 0 0 0 0 0 0
Alex Cobb P LAA 18 1 0 0 0 0 0 0 0 0
A.J. Cole P TOR 6 0 0 0 0 0 0 0 0 0
Alex Colome P MIN 67 0 0 0 0 0 0 0 0 0
Adam Conley P TB 17 0 0 0 0 0 0 0 0 0
Roansy Contreras P PIT 1 0 0 0 0 0 0 0 0 0
Sam Coonrod P PHI 42 1 0 0 1 0 0 0 0 0 0
Patrick Corbin P WSH 31 53 1 7 0 3 24 0 0 0.132 0.179 0.132 0.311
Nestor Cortes P NYY 23 1 0 0 0 0 0 0 0 0
Jharel Cotton P TEX 23 0 0 0 0 0 0 0 0 0
Danny Coulombe P MIN 29 1 0 0 1 0 0 0 0 0 0
Jake Cousins P MIL 30 0 0 0 0 0 0 0 0 0
Stefan Crichton P ARI 31 0 0 0 0 0 0 0 0 0
Kyle Crick P PIT 27 0 0 0 0 0 0 0 0 0
Nabil Crismatt P SD 45 10 0 0 6 0 0 0 0 0 0
Garrett Crochet P CWS 54 0 0 0 0 0 0 0 0 0
Hans Crouse P PHI 2 1 0 0 1 0 0 0 0 0 0
Wil Crowe P PIT 29 35 2 2 1 0 1 14 0 0 0.057 0.108 0.086 0.194
Johnny Cueto P SF 22 29 1 2 0 3 9 1 0 0.069 0.156 0.069 0.225
John Curtiss P MIL 44 5 1 0 3 0 0 0 0 0 0
Tucker Davidson P ATL 4 6 0 0 6 0 0 0 0 0 0
Austin Davis P BOS 29 0 0 0 1 0 0 0 1 0 1
Jaylin Davis X SF 5 9 1 1 1 0 1 0 0 0.111 0.111 0.222 0.333
Taylor Davis C PIT 2 5 0 2 0 1 0 0 0.4 0.5 0.4 0.9
Wade Davis P KC 40 0 0 0 0 0 0 0 0 0
Ronnie Dawson X HOU 3 5 2 1 0 1 0 0 0.2 0.333 0.2 0.533
Grant Dayton P ATL 13 0 0 0 0 0 0 0 0 0
Chase De Jong P PIT 10 12 1 1 1 0 5 0 0 0.083 0.083 0.167 0.25
Enyel De Los Santos P PIT 33 0 0 0 0 0 0 0 0 0
Miguel Del Pozo P DET 5 0 0 0 0 0 0 0 0 0
Reid Detmers P LAA 5 1 0 0 1 1 0 0 0 0.5 0 0.5
Ross Detwiler P SD 53 3 0 1 0 2 0 0 0.333 0.333 0.333 0.666
Chris Devenski P ARI 8 0 0 0 0 0 0 0 0 0
Edwin Diaz P NYM 63 0 0 0 0 0 0 0 0 0
Miguel Diaz P SD 25 3 0 0 1 0 0 0 0 0 0
Yennsy Diaz P NYM 20 1 0 0 1 0 0 0 0 0 0
Brandon Dickson P STL 2 0 0 0 0 0 0 0 0 0
Jake Diekman P OAK 67 1 0 0 1 0 0 0 0 0 0
Marcos Diplan P BAL 23 0 0 0 0 0 0 0 0 0
Randy Dobnak P MIN 14 0 0 0 0 0 0 0 0 0
Kyle Dohy P PHI 1 0 0 0 0 0 0 0 0 0
Rafael Dolis P TOR 39 0 0 0 0 0 0 0 0 0
Seranthony Dominguez P PHI 1 0 0 0 0 0 0 0 0 0
Sean Doolittle P SEA 56 0 0 0 0 0 0 0 0 0
Ryan Dorow 3B TEX 3 6 0 0 1 3 0 0 0 0.143 0 0.143
Camilo Doval P SF 29 0 0 0 0 0 0 0 0 0
Tyler Duffey P MIN 64 0 0 0 0 0 0 0 0 0
Robert Dugger P SEA 12 0 0 0 0 0 0 0 0 0
Dane Dunning P TEX 27 3 0 1 0 1 0 0 0.333 0.333 0.333 0.666
Jon Duplantier P ARI 4 2 0 0 2 0 0 0 0.333 0 0.333
Carl Edwards P ATL 1 0 0 0 0 0 0 0 0 0
Jerad Eickhoff P NYM 6 5 0 2 0 0 0 0.4 0.4 0.4 0.8
Seth Elledge P STL 11 2 0 0 0 0 0 0 0 0
Chris Ellis P BAL 7 0 0 0 0 0 0 0 0 0
Nathan Eovaldi P BOS 32 2 1 0 1 1 0 0 0 0.333 0 0.333
Thomas Eshelman P BAL 9 1 0 0 0 0 0 0 0 0
Paolo Espino P WSH 35 30 2 5 0 15 0 0 0.167 0.167 0.167 0.334
Carlos Estevez P COL 64 0 0 0 0 0 0 0 0 0
Demarcus Evans P TEX 25 0 0 0 0 0 0 0 0 0
Pete Fairbanks P TB 47 0 0 0 0 0 0 0 0 0
Bailey Falter P PHI 22 5 0 0 5 0 0 0 0 0 0
Jeurys Familia P NYM 65 0 0 0 0 0 0 0 0 0
Jake Faria P ARI 24 3 1 1 1 0 1 0 0 0.333 0.333 0.667 1
Mario Feliciano X MIL 1 0 1 0 1 0 0 0 1 0 1
Michael Feliz P CIN 16 0 0 0 0 0 0 0 0 0
Neftali Feliz P LAD 5 0 0 0 0 0 0 0 0 0
Ryan Feltner P COL 2 1 0 0 1 0 0 0 0 0 0
Julian Fernandez P COL 6 0 0 0 0 0 0 0 0 0
Junior Fernandez P STL 18 1 0 0 1 0 0 0 0 0 0
J.P. Feyereisen P TB 55 0 0 0 0 0 0 0 0 0
Kyle Finnegan P WSH 68 0 0 0 0 0 0 0 0 0
Jay Flaa P ATL 1 0 0 0 0 0 0 0 0 0
Josh Fleming P TB 26 1 0 0 1 0 0 0 0 0 0
Aaron Fletcher P SEA 4 0 0 0 0 0 0 0 0 0
Chris Flexen P SEA 31 3 0 0 0 0 0 0 0 0
Bernardo Flores P STL 1 0 0 0 0 0 0 0 0 0
Dylan Floro P MIA 68 0 0 0 0 0 0 0 0 0
Mike Foltynewicz P TEX 28 2 0 0 2 0 0 0 0 0 0
Matt Foster P CWS 37 0 0 0 0 0 0 0 0 0
Seth Frankoff P ARI 4 3 0 0 1 2 0 0 0 0.25 0 0.25
Luis Frias P ARI 3 0 0 0 0 0 0 0 0 0
Paul Fry P BAL 52 0 0 0 0 0 0 0 0 0
Carson Fulmer P CIN 20 2 0 0 0 0 0 0 0 0
Michael Fulmer P DET 52 0 0 0 0 0 0 0 0 0
Kyle Funkhouser P DET 57 0 0 0 0 0 0 0 0 0
Giovanny Gallegos P STL 73 0 0 0 0 0 0 0 0 0
John Gant P MIN 39 13 0 0 8 0 0 0 0 0 0
Edgar Garcia P CIN 5 0 0 0 0 0 0 0 0 0
Jarlin Garcia P SF 58 2 0 0 2 0 0 0 0 0 0
Luis Garcia P HOU 30 6 0 0 1 0 0 0 0 0 0
Luis Garcia P STL 34 0 0 0 0 0 0 0 0 0
Rony Garcia P DET 2 1 0 0 1 0 0 0 0 0 0
Yimi Garcia P HOU 62 0 0 0 0 0 0 0 0 0
Amir Garrett P CIN 63 0 0 0 0 0 0 0 0 0
Braxton Garrett P MIA 8 11 1 2 0 4 0 0 0.182 0.182 0.182 0.364
Domingo German P NYY 22 2 0 0 2 0 0 0 0 0 0
Trent Giambrone 2B CHC 5 13 0 2 0 4 0 0 0.154 0.154 0.154 0.308
Tyler Gilbert P ARI 9 9 0 0 6 0 0 0 0 0 0
Lucas Gilbreath P COL 47 0 0 0 0 0 0 0 0 0
Kevin Ginkel P ARI 32 0 0 0 0 0 0 0 0 0
Lucas Giolito P CWS 31 4 0 1 0 3 0 0 0.25 0.25 0.25 0.5
Mychal Givens P CIN 54 0 0 0 0 0 0 0 0 0
Tyler Glasnow P TB 14 2 0 0 2 0 0 0 0 0 0
Zack Godley P MIL 2 0 0 0 0 0 0 0 0 0
Tony Gonsolin P LAD 17 17 2 3 1 0 1 8 0 0 0.176 0.222 0.235 0.457
Marco Gonzales P SEA 25 4 0 0 2 0 0 0 0 0 0
Luis Gonzalez RF CWS 6 8 2 2 2 0 3 2 0 0 0.25 0.455 0.5 0.955
Victor Gonzalez P LAD 44 0 0 0 0 0 0 0 0 0
Ashton Goudeau P COL 16 6 0 1 0 4 0 0 0.167 0.167 0.167 0.334
Brusdar Graterol P LAD 34 2 0 0 0 0 0 0 0 0
Kendall Graveman P HOU 53 0 0 0 0 0 0 0 0 0
Josiah Gray P WSH 14 22 0 1 0 1 12 0 0 0.045 0.087 0.045 0.132
Sonny Gray P CIN 26 41 4 6 0 1 10 0 0 0.146 0.167 0.146 0.313
Chad Green P NYY 67 0 0 0 0 0 0 0 0 0
Conner Greene P BAL 24 0 0 0 0 0 0 0 0 0
Shane Greene P LAD 28 0 0 0 0 0 0 0 0 0
Zack Greinke P HOU 30 2 0 0 1 0 0 0 0 0 0
Robert Gsellman P NYM 18 5 0 0 1 4 0 0 0 0.167 0 0.167
Sean Guenther P MIA 14 0 0 0 0 0 0 0 0 0
Deolis Guerra P OAK 53 0 0 0 0 0 0 0 0 0
Javy Guerra P SD 5 0 1 0 0 0 0 0 0 0
Junior Guerra P LAA 41 2 0 0 1 0 0 0 0 0 0
Javy Guerra P WSH 6 1 0 0 1 0 0 0 0 0 0
Preston Guilmet P MIA 2 0 0 0 0 0 0 0 0 0
Taylor Gushue C CHC 2 4 0 0 3 0 0 0 0 0 0
Jandel Gustave P MIL 14 2 0 0 2 0 0 0 0 0 0
Jorge Guzman P MIA 2 0 0 0 0 0 0 0 0 0
Josh Hader P MIL 60 0 0 0 0 0 0 0 0 0
David Hale P PHI 17 0 0 0 0 0 0 0 0 0
JD Hammer P PHI 20 1 0 0 1 0 0 0 0 0 0
Brad Hand P NYM 68 0 0 0 0 0 0 0 0 0
Eric Hanhold P BAL 10 0 0 0 0 0 0 0 0 0
J.A. Happ P STL 11 14 0 0 1 5 0 0 0 0.067 0 0.067
Blaine Hardy P MIL 1 0 0 0 0 0 0 0 0 0
Ryne Harper P WSH 34 1 0 0 1 0 0 0 0 0 0
Will Harris P WSH 8 0 0 0 0 0 0 0 0 0
Monte Harrison CF MIA 9 10 0 2 1 0 3 0 1 0.2 0.2 0.3 0.5
Geoff Hartlieb P NYM 7 0 0 0 0 0 0 0 0 0
Matt Harvey P BAL 28 5 0 0 3 0 0 0 0 0 0
Adam Haseley CF PHI 9 21 2 4 1 0 4 0 0 0.19 0.19 0.238 0.428
Andrew Heaney P NYY 30 3 1 1 0 1 2 0 0 0.333 0.5 0.333 0.833
Taylor Hearn P TEX 42 0 0 0 0 0 0 0 0 0
Ryan Helsley P STL 51 0 0 0 0 0 0 0 0 0
Heath Hembree P NYM 60 1 0 0 1 0 0 0 0 0 0
Liam Hendriks P CWS 69 0 0 0 0 0 0 0 0 0
Ryan Hendrix P CIN 36 1 0 0 0 0 0 0 0 0
Payton Henry C MIA 5 15 0 4 1 0 1 5 0 0 0.267 0.313 0.333 0.646
Sam Hentges P CLE 30 1 0 0 1 0 0 0 0 0 0
Jimmy Herget P LAA 14 0 0 0 0 0 0 0 0 0
Carlos Hernandez P KC 24 4 0 0 4 0 0 0 0 0 0
Darwinzon Hernandez P BOS 48 0 0 0 0 0 0 0 0 0
Elieser Hernandez P MIA 11 14 1 1 0 7 0 0 0.071 0.071 0.071 0.142
David Hess P MIA 14 4 0 0 3 0 0 0 0 0 0
Codi Heuer P CHC 65 0 0 0 0 0 0 0 0 0
Jordan Hicks P STL 10 0 0 0 0 0 0 0 0 0
P.J. Higgins C CHC 9 23 1 1 0 2 8 0 0 0.043 0.12 0.043 0.163
Trevor Hildenberger P NYM 2 0 0 0 0 0 0 0 0 0
Rich Hill P NYM 32 24 0 3 0 10 0 0 0.125 0.125 0.125 0.25
Tim Hill P SD 78 0 0 0 0 0 0 0 0 0
Derek Holland P DET 39 0 0 0 0 0 0 0 0 0
Greg Holland P KC 57 0 0 0 0 0 0 0 0 0
Jordan Holloway P MIA 13 10 0 1 0 6 0 0 0.1 0.1 0.1 0.2
Clay Holmes P NYY 69 1 0 0 1 0 0 0 0 0 0
Tanner Houck P BOS 18 1 0 0 1 0 0 0 0 0 0
Sam Howard P PIT 54 0 0 0 0 0 0 0 0 0
Spencer Howard P TEX 19 6 0 2 1 0 3 0 0 0.333 0.333 0.5 0.833
Jared Hoying LF TOR 2 3 0 0 1 0 0 0 0 0 0
James Hoyt P LAA 9 0 0 0 0 0 0 0 0 0
Dakota Hudson P STL 2 3 1 1 0 1 2 0 0 0.333 0.5 0.333 0.833
Daniel Hudson P SD 54 0 0 0 0 0 0 0 0 0
Tommy Hunter P NYM 4 1 1 1 0 0 0 1 1 1 2
Scott Hurst CF STL 7 5 0 0 1 0 0 0 0 0 0
Drew Hutchison P DET 9 1 0 0 0 0 0 0 0 0
Raisel Iglesias P LAA 65 0 0 0 0 0 0 0 0 0
Andre Jackson P LAD 3 4 0 0 3 0 0 0 0 0 0
Luke Jackson P ATL 71 0 0 0 0 0 0 0 0 0
Jay Jackson P SF 23 1 0 0 0 0 0 0 0 0
Josh James P HOU 5 0 0 0 0 0 0 0 0 0
Kenley Jansen P LAD 69 1 0 0 1 0 0 0 0 0 0
Cristian Javier P HOU 36 0 0 0 0 0 0 0 0 0
Griffin Jax P MIN 18 3 0 0 2 0 0 0 0 0 0
Jake Jewell P CHC 10 1 0 0 1 0 0 0 0 0 0
Joe Jimenez P DET 52 0 0 0 0 0 0 0 0 0
Pierce Johnson P SD 63 0 0 0 0 0 0 0 0 0
Damon Jones P PHI 1 0 0 0 0 0 0 0 0 0
Nate Jones P LAD 20 1 0 0 0 0 0 0 0 0
Jakob Junis P KC 16 1 0 0 1 0 0 0 0 0 0
James Kaprielian P OAK 24 3 1 1 0 2 0 0 0.333 0.333 0.333 0.666
James Karinchak P CLE 60 0 0 0 0 0 0 0 0 0
Sean Kazmar DH ATL 3 2 0 0 0 0 0 0 0 0
Scott Kazmir P SF 5 3 0 0 2 0 0 0 0 0 0
Keone Kela P SD 12 0 0 0 0 0 0 0 0 0
Brad Keller P KC 26 5 0 0 3 0 0 0 0 0 0
Kyle Keller P PIT 32 0 0 0 0 0 0 0 0 0
Mitch Keller P PIT 24 28 2 3 0 2 14 0 0 0.107 0.167 0.107 0.274
Joe Kelly P LAD 48 3 0 0 0 0 0 0 0 0
Ian Kennedy P PHI 55 0 0 0 0 0 0 0 0 0
Dallas Keuchel P CWS 32 2 0 0 1 0 0 0 0 0 0
Mike Kickham P LAD 1 0 0 0 0 0 0 0 0 0
Yusei Kikuchi P SEA 29 2 0 0 2 0 0 0 0 0 0
Craig Kimbrel P CWS 63 1 0 0 1 0 0 0 0 0 0
John King P TEX 27 1 0 0 0 0 0 0 0 0
Michael King P NYY 22 0 0 0 0 0 0 0 0 0
Scott Kingery RF PHI 15 19 1 1 0 12 0 0 0.053 0.053 0.053 0.106
Tyler Kinley P COL 70 0 0 0 0 0 0 0 0 0
Brandon Kintzler P PHI 29 0 0 0 0 0 0 0 0 0
Andrew Kittredge P TB 57 0 0 0 0 0 0 0 0 0
Gabe Klobosits P WSH 11 0 0 0 0 0 0 0 0 0
Corey Kluber P NYY 16 2 0 0 1 0 0 0 0 0 0
Corey Knebel P LAD 27 2 0 0 0 0 0 0 0 0
Reiss Knehr P SD 12 8 0 0 5 0 0 0 0 0 0
Adam Kolarek P OAK 12 0 0 0 0 0 0 0 0 0
Michael Kopech P CWS 44 1 0 0 0 0 0 0 0 0
Pete Kozma SS OAK 3 11 0 1 0 1 4 0 0 0.091 0.167 0.091 0.258
Max Kranick P PIT 9 12 0 0 5 0 0 0 0 0 0
Brooks Kriske P BAL 4 0 0 0 0 0 0 0 0 0
Jack Kruger C LAA 1 0 0 0 0 0 0 0 0 0
Chad Kuhl P PIT 28 21 1 1 0 1 11 0 0 0.048 0.091 0.048 0.139
Tyler Ladendorf X CHC 1 1 0 0 0 0 0 0 0 0
Travis Lakins P BAL 24 0 0 0 0 0 0 0 0 0
Peter Lambert P COL 2 2 0 0 1 0 0 0 0 0 0
Dinelson Lamet P SD 22 6 0 0 1 6 0 0 0 0.143 0 0.143
Alex Lange P DET 36 0 0 0 0 0 0 0 0 0
Ryan Lavarnway C CLE 9 28 2 7 3 0 1 10 0 0 0.25 0.276 0.357 0.633
Justin Lawrence P COL 19 0 0 0 0 0 0 0 0 0
Wade LeBlanc P STL 12 11 0 0 3 0 0 0 0 0 0
Dylan Lee P ATL 2 0 0 0 0 0 0 0 0 0
Dominic Leone P SF 57 0 0 0 0 0 0 0 0 0
Tzu-Wei Lin LF MIN 1 0 0 0 0 0 0 0 0 0
Josh Lindblom P MIL 8 1 0 0 1 0 0 0 0 0 0
Zack Littell P SF 63 4 0 1 0 3 0 0 0.25 0.25 0.25 0.5
Mauricio Llovera P PHI 6 0 0 0 0 0 0 0 0 0
Jonathan Loaisiga P NYY 57 0 0 0 0 0 0 0 0 0
Jose Lobaton C CHC 6 11 1 0 2 5 0 0 0 0.154 0 0.154
Kyle Lobstein P WSH 3 0 0 0 0 0 0 0 0 0
Sam Long P SF 12 10 0 1 0 4 0 0 0.1 0.1 0.1 0.2
Tim Lopes X MIL 7 10 1 1 0 1 4 0 1 0.1 0.182 0.1 0.282
Jack Lopez 2B BOS 7 13 2 2 2 0 1 6 0 0 0.154 0.214 0.308 0.522
Alejo Lopez X CIN 14 23 3 6 0 5 0 0 0.261 0.261 0.261 0.522
Jorge Lopez P BAL 33 2 0 0 1 0 0 0 0 0 0
Otto Lopez X TOR 1 1 0 0 1 0 0 0 0 0 0
Pablo Lopez P MIA 21 33 2 2 2 0 17 0 0 0.061 0.061 0.121 0.182
Reynaldo Lopez P CWS 20 0 0 0 0 0 0 0 0 0
Yoan Lopez P ARI 13 0 0 0 0 0 0 0 0 0
Michael Lorenzen P CIN 27 1 1 0 1 0 0 0 0 0 0
Aaron Loup P NYM 65 0 0 0 0 0 0 0 0 0
Richard Lovelady P KC 20 0 0 0 0 0 0 0 0 0
Josh Lowe LF TB 2 1 0 1 0 1 1 0 1 1 1 2
Joey Lucchesi P NYM 11 10 1 0 1 7 0 0 0 0.091 0 0.091
Lucas Luetge P NYY 57 0 0 0 0 0 0 0 0 0
Seth Lugo P NYM 46 1 0 0 0 0 0 0 0 0
Jesus Luzardo P MIA 25 15 1 0 4 6 0 0 0 0.211 0 0.211
Jordan Lyles P TEX 32 6 0 0 5 0 0 0 0 0 0
Andres Machado P WSH 40 0 0 0 0 0 0 0 0 0
Luis Madero P MIA 6 1 0 0 0 0 0 0 0 0
Kenta Maeda P MIN 23 3 2 1 0 1 0 0 0.333 0.333 0.333 0.666
Sean Manaea P OAK 32 4 0 2 1 0 1 0 0 0.5 0.5 0.75 1.25
Matt Manning P DET 18 1 0 0 1 0 0 0 0 0 0
Alek Manoah P TOR 20 1 0 0 1 0 0 0 0 0 0
Joe Mantiply P ARI 57 0 0 0 0 0 0 0 0 0
Dillon Maples P CHC 28 0 0 0 0 0 0 0 0 0
Luis Marte 2B MIA 4 6 2 1 0 1 2 0 0 0.167 0.286 0.167 0.453
Brett Martin P TEX 66 0 0 0 0 0 0 0 0 0
Chris Martin P ATL 46 0 0 0 0 0 0 0 0 0
Corbin Martin P ARI 5 4 0 1 0 3 0 0 0.25 0.25 0.25 0.5
Carlos Martinez P STL 16 24 1 2 1 0 15 0 0 0.083 0.083 0.125 0.208
Jeff Mathis C ATL 3 9 0 0 5 0 0 0 0 0 0
Phil Maton P HOU 65 1 0 0 0 0 0 0 0 0
Steven Matz P TOR 29 2 0 0 1 0 0 0 0 0 0
Tyler Matzek P ATL 69 0 0 0 0 0 0 0 0 0
Dustin May P LAD 5 3 0 0 3 0 0 0 0 0 0
Trevor May P NYM 68 0 0 0 0 0 0 0 0 0
Cameron Maybin CF NYM 9 28 2 1 0 3 12 1 0 0.036 0.182 0.036 0.218
Mike Mayers P LAA 72 0 0 0 0 0 0 0 0 0
Tim Mayza P TOR 61 0 0 0 0 0 0 0 0 0
Ryan McBroom X KC 7 8 1 2 0 1 6 0 0 0.25 0.333 0.25 0.583
Darren McCaughan P SEA 2 2 0 0 0 0 0 0 0 0
Lance McCullers P HOU 30 4 0 0 3 0 0 0 0 0 0
T.J. McFarland P STL 38 0 0 0 0 0 0 0 0 0
Jake McGee P SF 62 0 0 0 0 0 0 0 0 0
Kyle McGowin P WSH 27 1 0 0 1 0 0 0 0 0 0
Collin McHugh P TB 37 0 0 0 0 0 0 0 0 0
Triston McKenzie P CLE 25 2 0 1 0 0 0 0.5 0.5 0.5 1
Alex McRae P CWS 2 0 0 0 0 0 0 0 0 0
John Means P BAL 26 5 0 1 1 0 2 0 0 0.2 0.2 0.4 0.6
Nick Mears P PIT 30 1 0 0 1 0 0 0 0 0 0
Adonis Medina P PHI 4 1 0 0 1 0 0 0 0 0 0
Trevor Megill P CHC 28 0 0 0 0 0 0 0 0 0
Tylor Megill P NYM 18 28 1 6 3 0 1 17 0 0 0.214 0.241 0.321 0.562
Ryan Meisinger P CHC 7 0 0 0 0 0 0 0 0 0
Humberto Mejia P ARI 5 7 1 1 1 0 2 0 0 0.143 0.143 0.286 0.429
J.C. Mejia P CLE 17 1 0 0 1 0 0 0 0 0 0
Mark Melancon P SD 64 0 0 0 0 0 0 0 0 0
Keury Mella P ARI 2 0 0 0 0 0 0 0 0 0
Conner Menez P SF 8 0 0 0 0 0 0 0 0 0
Keynan Middleton P SEA 32 0 0 0 0 0 0 0 0 0
Miles Mikolas P STL 9 8 0 0 1 5 0 0 0 0.111 0 0.111
Andrew Miller P STL 40 0 0 0 0 0 0 0 0 0
Brian Miller LF MIA 5 11 1 3 0 3 0 0 0.273 0.273 0.273 0.546
Justin Miller P STL 23 0 0 0 0 0 0 0 0 0
Shelby Miller P PIT 13 1 0 0 0 0 0 0 0 0
Alec Mills P CHC 33 32 1 1 1 0 26 0 0 0.031 0.031 0.063 0.094
Wyatt Mills P SEA 11 0 0 0 0 0 0 0 0 0
Hoby Milner P MIL 19 1 0 0 1 1 0 0 0 0.5 0 0.5
Juan Minaya P MIN 29 0 0 0 0 0 0 0 0 0
Mike Minor P KC 28 7 0 0 4 0 0 0 0 0 0
A.J. Minter P ATL 61 1 0 0 1 0 0 0 0 0 0
Anthony Misiewicz P SEA 66 0 0 0 0 0 0 0 0 0
Bryan Mitchell P MIA 2 0 0 0 0 0 0 0 0 0
Frankie Montas P OAK 32 4 0 0 3 0 0 0 0 0 0
Rafael Montero P HOU 44 0 0 0 0 0 0 0 0 0
Jordan Montgomery P NYY 30 4 0 0 4 0 0 0 0 0 0
Matt Moore P PHI 24 19 0 0 13 0 0 0 0 0 0
Adrian Morejon P SD 2 1 0 0 0 0 0 0 0 0
Dauri Moreta P CIN 4 0 0 0 0 0 0 0 0 0
Adam Morgan P CHC 34 0 0 0 0 0 0 0 0 0
Eli Morgan P CLE 18 2 0 0 2 0 0 0 0 0 0
Shawn Morimando P MIA 4 2 0 0 1 0 0 0 0 0 0
Reyes Moronta P SF 4 0 0 0 0 0 0 0 0 0
Kyle Muller P ATL 9 11 0 1 0 1 7 0 0 0.091 0.167 0.091 0.258
Yairo Munoz 2B BOS 5 11 0 1 0 2 0 0 0.091 0.091 0.091 0.182
Patrick Murphy P WSH 17 1 0 0 1 0 0 0 0 0 0
Tommy Nance P CHC 27 2 0 0 1 0 0 0 0 0 0
Packy Naughton P LAA 7 1 0 0 1 0 0 0 0 0 0
Nick Neidert P MIA 8 11 0 0 1 5 0 0 0 0.083 0 0.083
Jimmy Nelson P LAD 28 3 0 0 3 0 0 0 0 0 0
Kyle Nelson P CLE 10 0 0 0 0 0 0 0 0 0
Hector Neris P PHI 74 1 0 0 1 0 0 0 0 0 0
Sean Newcomb P ATL 32 1 0 0 1 0 0 0 0 0 0
Stephen Nogosek P NYM 1 1 0 0 1 0 0 0 0 0 0
Sean Nolin P WSH 10 5 0 0 3 0 0 0 0 0 0
Daniel Norris P MIL 56 2 0 0 0 0 0 0 0 0
Aaron Northcraft P SD 5 0 0 0 0 0 0 0 0 0
James Norwood P SD 5 0 0 0 0 0 0 0 0 0
Darien Nunez P LAD 6 0 0 0 0 0 0 0 0 0
Bailey Ober P MIN 20 2 0 1 0 0 0 0.5 0.5 0.5 1
Joseph Odom C TB 2 2 0 0 1 0 0 0 0 0 0
Jake Odorizzi P HOU 24 1 0 0 0 0 0 0 0 0
Steven Okert P MIA 34 2 0 0 1 0 0 0 0 0 0
Oliver Ortega P LAA 8 0 0 0 0 0 0 0 0 0
Josh Osich P CIN 17 0 0 0 0 0 0 0 0 0
Corey Oswalt P NYM 3 0 0 0 0 0 0 0 0 0
Adam Ottavino P BOS 69 0 0 0 0 0 0 0 0 0
Luis Oviedo P PIT 22 0 0 0 0 0 0 0 0 0
Hunter Owen X PIT 3 4 0 0 3 0 0 0 0.2 0 0.2
Chris Paddack P SD 24 35 0 1 0 1 26 0 0 0.029 0.081 0.029 0.11
Kevin Padlo X SEA 10 13 1 1 1 0 2 9 0 0 0.077 0.2 0.154 0.354
Emilio Pagan P SD 67 2 0 0 1 0 0 0 0 0 0
Blake Parker P CLE 47 0 0 0 0 0 0 0 0 0
Spencer Patton P TEX 42 0 0 0 0 0 0 0 0 0
David Paulino P PHI 1 0 0 0 0 0 0 0 0 0
Joel Payamps P KC 37 0 0 0 0 0 0 0 0 0
Tyler Payne C CHC 1 2 0 0 2 0 0 0 0 0 0
Mark Payton X CIN 24 22 2 4 0 2 7 0 0 0.182 0.25 0.182 0.432
Freddy Peralta P MIL 29 43 1 4 0 1 22 0 0 0.093 0.114 0.093 0.207
Wandy Peralta P NYY 56 0 0 0 0 0 0 0 0 0
Wily Peralta P DET 19 1 0 0 1 0 0 0 0.5 0 0.5
Angel Perdomo P MIL 19 0 0 0 0 0 0 0 0 0
Cionel Perez P CIN 25 2 0 0 0 0 0 0 0 0
Hernan Perez 2B WSH 10 19 1 1 0 2 10 0 0 0.053 0.143 0.053 0.196
Martin Perez P BOS 36 3 0 0 3 0 0 0 0 0 0
Oliver Perez P CLE 5 0 0 0 0 0 0 0 0 0
Dillon Peters P PIT 6 5 1 0 1 4 0 0 0 0.167 0 0.167
David Peterson P NYM 16 16 2 1 1 0 10 0 0 0.063 0.118 0.125 0.243
Yusmeiro Petit P OAK 78 0 0 0 0 0 0 0 0 0
Jake Petricka P LAA 7 0 0 0 0 0 0 0 0 0
David Phelps P TOR 12 0 0 0 0 0 0 0 0 0
Evan Phillips P LAD 7 3 0 0 3 0 0 0 0 0 0
Michael Pineda P MIN 22 3 0 0 1 0 0 0 0 0 0
Nick Pivetta P BOS 31 2 0 0 2 0 0 0 0 0 0
Adam Plutko P BAL 38 0 0 0 0 0 0 0 0 0
Drew Pomeranz P SD 27 0 0 0 0 0 0 0 0 0
Cody Ponce P PIT 15 6 0 0 4 0 0 0 0 0 0
Daniel Ponce de Leon P STL 24 5 0 0 5 0 0 0 0 0 0
Zach Pop P MIA 50 1 0 0 1 0 0 0 0 0 0
Sean Poppen P ARI 23 1 0 0 1 0 0 0 0 0 0
Ryan Pressly P HOU 64 0 0 0 0 0 0 0 0 0
Austin Pruitt P MIA 4 0 0 0 0 0 0 0 0 0
Kevin Quackenbush P LAD 1 0 0 0 0 0 0 0 0 0
Cal Quantrill P CLE 40 2 0 1 0 0 0 0.5 0.5 0.5 1
Jose Quijada P LAA 26 0 0 0 0 0 0 0 0 0
Jose Quintana P SF 29 1 0 1 0 1 0 0 1 1 1 2
Tanner Rainey P WSH 38 0 0 0 0 0 0 0 0 0
Brooks Raley P HOU 58 0 0 0 0 0 0 0 0 0
Erasmo Ramirez P DET 17 0 0 0 0 0 0 0 0 0
Nick Ramirez P SD 13 3 0 0 1 0 0 0 0 0 0
Noe Ramirez P ARI 38 0 0 0 0 0 0 0 0 0
Roel Ramirez P STL 1 0 0 0 0 0 0 0 0 0
Yefry Ramirez P LAD 1 1 0 0 0 0 0 0 0 0
Yohan Ramirez P SEA 25 0 0 0 0 0 0 0 0 0
AJ Ramos P LAA 4 0 0 0 0 0 0 0 0 0
Drew Rasmussen P TB 35 4 0 1 0 1 0 0 0.25 0.25 0.25 0.5
Corey Ray RF MIL 1 2 1 0 1 1 0 0 0 0.333 0 0.333
Robbie Ray P TOR 32 4 0 0 1 0 0 0 0 0 0
Colin Rea P MIL 1 2 0 0 2 0 0 0 0 0 0
Jake Reed P NYM 10 1 0 0 0 0 0 0 0 0
Jakson Reetz C WSH 2 2 1 1 1 0 0 0 0.5 0.5 1 1.5
Sean Reid-Foley P NYM 12 0 0 0 2 0 0 0 1 0 1
Zach Reks LF LAD 6 10 2 0 7 0 0 0 0 0 0
Alex Reyes P STL 70 1 0 0 0 0 0 0 0 0
Trevor Richards P TOR 47 0 1 0 1 0 0 0 1 0 1
JT Riddle SS MIN 4 6 1 2 0 0 0 0.333 0.333 0.333 0.666
Yacksel Rios P BOS 20 0 0 0 0 0 0 0 0 0
Hansel Robles P BOS 72 0 0 0 0 0 0 0 0 0
Jacob Robson LF DET 4 7 1 0 4 0 0 0 0 0 0
Carlos Rodon P CWS 24 3 0 0 1 0 0 0 0 0 0
Chris Rodriguez P LAA 15 0 0 0 0 0 0 0 0 0
Eduardo Rodriguez P BOS 32 6 0 0 3 0 0 0 0 0 0
Jefry Rodriguez P WSH 14 2 0 0 1 0 0 0 0 0 0
Joely Rodriguez P NYY 52 0 0 0 0 0 0 0 0 0
Manuel Rodriguez P CHC 20 1 0 0 1 0 0 0 0 0 0
Richard Rodriguez P ATL 64 0 0 0 0 0 0 0 0 0
Chaz Roe P TB 1 0 0 0 0 0 0 0 0 0
Josh Rogers P WSH 6 12 0 0 1 4 0 0 0 0.077 0 0.077
Taylor Rogers P MIN 40 0 0 0 0 0 0 0 0 0
Trevor Rogers P MIA 26 43 0 3 0 1 27 0 0 0.07 0.091 0.07 0.161
Tyler Rogers P SF 80 0 0 0 0 0 0 0 0 0
Jordan Romano P TOR 62 0 0 0 0 0 0 0 0 0
Sal Romano P MIL 15 2 0 0 1 0 0 0 0 0 0
Jhon Romero P WSH 5 0 0 0 0 0 0 0 0 0
JoJo Romero P PHI 11 0 0 0 0 0 0 0 0 0
Sergio Romo P OAK 66 0 0 0 0 0 0 0 0 0
Angel Rondon P STL 2 0 0 0 0 0 0 0 0 0
Zac Rosscup P COL 4 0 0 0 0 0 0 0 0 0
Ramon Rosso P PHI 7 0 0 0 0 0 0 0 0 0
Michael Rucker P CHC 20 1 0 0 1 0 0 0 0 0 0
Jose Ruiz P CWS 59 1 0 0 0 0 0 0 0 0
Joe Ryan P MIN 5 2 0 0 2 0 0 0 0 0 0
Kyle Ryan P CHC 13 2 0 0 0 0 0 0 0 0
Hyun Jin Ryu P TOR 31 4 0 0 2 0 0 0 0 0 0
Casey Sadler P SEA 42 0 0 0 0 0 0 0 0 0
Chris Sale P BOS 9 1 0 0 1 0 0 0 0 0 0
Adrian Sampson P CHC 11 7 0 0 7 0 0 0 0 0 0
Aaron Sanchez P SF 9 10 0 0 7 0 0 0 0 0 0
Ali Sanchez C STL 2 4 0 2 2 0 0 0 0.5 0.5 1 1.5
Cristopher Sanchez P PHI 7 0 0 0 0 0 0 0 0 0
Miguel Sanchez P MIL 28 1 1 0 0 0 0 0 0 0
Nick Sandlin P CLE 34 0 0 0 0 0 0 0 0 0
Patrick Sandoval P LAA 17 4 1 1 0 2 0 0 0.25 0.25 0.25 0.5
Reiver Sanmartin P CIN 2 6 0 0 5 0 0 0 0 0 0
Dennis Santana P TEX 55 2 0 0 2 0 0 0 0 0 0
Edgar Santana P ATL 41 1 0 0 1 0 0 0 0 0 0
Ervin Santana P KC 38 0 0 0 0 0 0 0 0 0
Tony Santillan P CIN 27 7 1 1 1 0 2 0 0 0.143 0.143 0.286 0.429
Antonio Santos P COL 7 0 0 0 0 0 0 0 0 0
Gregory Santos P SF 3 0 0 0 0 0 0 0 0 0
Tayler Saucedo P TOR 29 0 0 0 0 0 0 0 0 0
Hirokazu Sawamura P BOS 55 0 0 0 0 0 0 0 0 0
Josh Sborz P TEX 63 1 0 0 1 0 0 0 0 0 0
Scott Schebler CF LAA 14 34 3 5 3 0 17 0 0 0.147 0.147 0.235 0.382
Clarke Schmidt P NYY 2 1 0 0 1 1 0 0 0 0.5 0 0.5
Tanner Scott P BAL 62 0 0 0 0 0 0 0 0 0
Sam Selman P LAA 25 1 0 0 1 0 0 0 0 0 0
Paul Sewald P SEA 62 0 0 0 0 0 0 0 0 0
Bryan Shaw P CLE 81 0 0 0 0 0 0 0 0 0
Jordan Sheffield P COL 30 0 0 0 0 0 0 0 0 0
Justus Sheffield P SEA 21 2 0 1 0 1 0 0 0.5 0.5 0.5 1
James Sherfy P LAD 14 1 0 0 0 0 0 0 0 0
Ryan Sherriff P TB 16 0 0 0 0 0 0 0 0 0
Chasen Shreve P PIT 57 0 0 0 0 0 0 0 0 0
Lucas Sims P CIN 47 2 0 0 1 0 0 0 0 0 0
Brandyn Sittinger P ARI 5 0 0 0 0 0 0 0 0 0
Tarik Skubal P DET 31 2 0 0 2 0 0 0 0 0 0
Aaron Slegers P LAA 29 0 0 0 0 0 0 0 0 0
Drew Smith P NYM 31 1 0 0 0 0 0 0 0 0
Burch Smith P OAK 31 0 0 0 0 0 0 0 0 0
Caleb Smith P ARI 45 22 2 2 1 0 1 14 1 0 0.091 0.167 0.136 0.303
Joe Smith P HOU 27 0 0 0 0 0 0 0 0 0
Riley Smith P ARI 24 16 0 0 11 0 0 0 0 0 0
Will Smith P ATL 71 0 0 0 0 0 0 0 0 0
Drew Smyly P ATL 32 41 0 3 0 19 0 0 0.073 0.073 0.073 0.146
Kirby Snead P TOR 7 0 0 0 0 0 0 0 0 0
Blake Snell P SD 27 34 1 4 0 17 0 0 0.118 0.118 0.118 0.236
Peter Solomon P HOU 6 0 0 0 0 0 0 0 0 0
Joakim Soria P ARI 31 0 0 0 0 0 0 0 0 0
Gregory Soto P DET 62 0 0 0 0 0 0 0 0 0
Shea Spitzbarth P PIT 5 0 0 0 0 0 0 0 0 0
Jeffrey Springs P TB 43 0 0 0 0 0 0 0 0 0
Craig Stammen P SD 67 5 0 1 0 3 0 0 0.2 0.2 0.2 0.4
Ryne Stanek P HOU 72 0 0 0 0 0 0 0 0 0
Cody Stashak P MIN 15 0 0 0 0 0 0 0 0 0
Josh Staumont P KC 64 0 0 0 0 0 0 0 0 0
Drew Steckenrider P SEA 62 0 0 0 0 0 0 0 0 0
Justin Steele P CHC 20 13 3 2 0 4 0 0 0.154 0.154 0.154 0.308
Trevor Stephan P CLE 43 0 0 0 0 0 0 0 0 0
Robert Stephenson P COL 49 0 0 0 0 0 0 0 0 0
Kohl Stewart P CHC 4 3 0 1 0 1 0 0 0.333 0.333 0.333 0.666
Robert Stock P NYM 3 4 0 0 2 0 0 0 0 0 0
Matt Strahm P SD 6 0 0 0 0 0 0 0 0 0
Stephen Strasburg P WSH 5 5 0 1 1 0 1 2 0 0 0.2 0.333 0.4 0.733
Chris Stratton P PIT 68 2 0 0 2 0 0 0 0 0 0
Hunter Strickland P MIL 44 2 0 0 1 0 0 0 0 0 0
Spencer Strider P ATL 2 1 0 0 1 0 0 0 0 0 0
Ross Stripling P TOR 24 5 0 0 2 0 0 0 0 0 0
Pedro Strop P CHC 2 0 0 0 0 0 0 0 0 0
Jose Suarez P LAA 23 1 0 0 1 0 0 0 0 0 0
Wander Suero P WSH 45 1 0 0 0 0 0 0 0 0
Cole Sulser P BAL 60 0 0 0 0 0 0 0 0 0
Brent Suter P MIL 61 4 0 0 3 0 0 0 0 0 0
Erik Swanson P SEA 33 0 0 0 0 0 0 0 0 0
Anthony Swarzak P KC 13 0 0 0 0 0 0 0 0 0
Noah Syndergaard P NYM 2 0 0 0 0 0 0 0 0 0
Thomas Szapucki P NYM 1 1 0 0 1 0 0 0 0 0 0
Jameson Taillon P NYY 29 1 0 0 1 0 0 0 0.5 0 0.5
Domingo Tapia P KC 32 0 0 0 0 0 0 0 0 0
Stephen Tarpley P NYM 1 0 0 0 0 0 0 0 0 0
Dillon Tate P BAL 62 0 0 0 0 0 0 0 0 0
Blake Taylor P HOU 51 0 0 0 0 0 0 0 0 0
Josh Taylor P BOS 61 0 0 0 0 0 0 0 0 0
Anderson Tejeda 3B TEX 5 16 1 1 0 1 10 1 0 0.063 0.118 0.063 0.181
Ryan Tepera P CWS 65 0 0 0 0 0 0 0 0 0
Matt Thaiss 1B LAA 3 7 1 1 0 1 1 0 0 0.143 0.25 0.143 0.393
Caleb Thielbar P MIN 59 0 0 0 0 0 0 0 0 0
Keegan Thompson P CHC 32 6 0 1 0 3 0 0 0.167 0.167 0.167 0.334
Mason Thompson P WSH 31 0 0 0 0 0 0 0 0 0
Ryan Thompson P TB 36 0 0 0 0 0 0 0 0 0
Zach Thompson P MIA 27 15 0 2 1 0 9 0 0 0.133 0.133 0.2 0.333
Trent Thornton P TOR 37 0 0 0 0 0 0 0 0 0
Ty Tice P ATL 1 0 0 0 0 0 0 0 0 0
Josh Tomlin P ATL 36 3 0 1 0 1 1 0 0 0.333 0.5 0.333 0.833
Justin Topa P MIL 4 1 0 0 1 0 0 0 0 0 0
Touki Toussaint P ATL 11 15 1 0 2 9 0 0 0 0.118 0 0.118
Blake Treinen P LAD 72 0 0 0 0 0 0 0 0 0
Lou Trivino P OAK 71 0 0 0 0 0 0 0 0 0
Nick Tropeano P NYM 5 1 0 0 1 0 0 0 0 0 0
Kyle Tyler P LAA 5 0 0 0 0 0 0 0 0 0
Edwin Uceta P LAD 14 5 1 1 0 2 0 0 0.2 0.2 0.2 0.4
Duane Underwood P PIT 43 4 0 0 4 0 0 0 0 0 0
Jose Urena P DET 26 1 0 0 1 0 0 0 0 0 0
Jose Urquidy P HOU 20 4 0 1 0 3 0 0 0.25 0.25 0.25 0.5
Cesar Valdez P BAL 39 0 0 0 0 0 0 0 0 0
Framber Valdez P HOU 22 4 0 0 2 0 0 0 0 0 0
Phillips Valdez P BOS 28 0 0 0 0 0 0 0 0 0
Andrew Vasquez P LAD 2 0 0 0 0 0 0 0 0 0
Alex Vesia P LAD 41 3 0 0 1 3 0 0 0 0.25 0 0.25
Will Vest P SEA 32 0 0 0 0 0 0 0 0 0
Ryan Vilade LF COL 3 6 0 0 1 1 0 0 0 0.143 0 0.143
Austin Voth P WSH 49 2 1 1 0 1 0 0 0.5 0.667 0.5 1.167
Michael Wacha P TB 30 3 0 0 3 0 0 0 0 0 0
Brandon Waddell P STL 4 1 0 0 1 0 0 0 0 0 0
Andrew Wantz P LAA 21 0 0 0 0 0 0 0 0 0
Art Warren P CIN 26 0 0 0 0 0 0 0 0 0
Austin Warren P LAA 16 0 0 0 0 0 0 0 0 0
Tony Watson P SF 62 1 0 0 1 0 0 0 0 0 0
Jacob Webb P ATL 34 2 0 0 2 0 0 0 0 0 0
Tyler Webb P STL 22 1 0 0 1 0 0 0 0 0 0
Ryan Weber P MIL 1 0 0 0 0 0 0 0 0 0
Jordan Weems P ARI 7 0 0 0 0 0 0 0 0 0
Patrick Weigel P MIL 3 0 0 0 0 0 0 0 0 0
Tyler Wells P BAL 44 0 0 0 0 0 0 0 0 0
J.B. Wendelken P ARI 46 0 0 0 0 0 0 0 0 0
Mitch White P LAD 21 15 1 0 1 11 0 0 0 0.063 0 0.063
Kodi Whitley P STL 25 0 0 0 0 0 0 0 0 0
Garrett Whitlock P BOS 46 2 0 1 0 1 0 0 0.5 0.5 0.5 1
Rowan Wick P CHC 22 0 0 0 0 0 0 0 0 0
Taylor Widener P ARI 23 16 1 1 0 1 11 0 0 0.063 0.118 0.063 0.181
Brad Wieck P CHC 15 0 0 0 0 0 0 0 0 0
